0.0
0.0
1.15
(0.39015917137836925, 0.955021, -0.023274000000000003)
(-0.7092677337770948, 0.968053, -0.033532000000000006)
(-0.9925550711641082, 0.99003, -0.044696)
(-1.0299999999999998, 0.997, -0.043318999999999996, 'right:bnT:1')
(-1.4269999999999998, 0.997, -0.043318999999999996)
(-1.4269999999999998, 0.803, -0.05019499999999999)
(-1.0299999999999998, 0.803, -0.05019499999999999, 'right:bfT:-1')
(-0.7268063800083956, 0.759928, -0.005604999999999999)
(-0.12852158008292783, 0.682876, 0.055168999999999996)
(0.14919601871664956, 0.678009, 0.059144)
(0.6357464395330352, 0.599834, 0.09316799999999999)
(1.0299999999999998, 0.547, 0.12413299999999998, 'left:tnF:1')
(1.4269999999999998, 0.547, 0.12413299999999998)
(1.4269999999999998, 0.353, 0.12354899999999998)
(1.0299999999999998, 0.353, 0.12354899999999998, 'left:tfF:-1')
(0.725912280113917, 0.156423, 0.09238799999999998)
(-0.13185115469647532, -0.219868, 0.03172100000000001)
(-0.3266401484546336, -0.236364, 0.029004500000000003)
(-0.7577983343820378, -0.599339, -0.029810000000000003)
(-1.0299999999999998, -0.803, -0.052712999999999996)
(-1.13, 0.293, 0.133235)
(-1.13, 0.353, 0.07323499999999998)
(-1.13, 0.413, 0.133235)
(-1.13, 0.48700000000000004, 0.13395599999999996)
(-1.13, 0.547, 0.07395599999999998)
(-1.13, 0.607, 0.13395599999999996)
(-1.21, 1.02, 0.15668100000000001, 'right:tnT:1')
(-1.4499999999999997, 1.02, 0.15668100000000001)
(-1.4499999999999997, 0.78, 0.15668100000000001)
(-1.21, 0.78, 0.15668100000000001, 'right:tfT:-1')
(-1.2299999999999998, 0.607, 0.13395599999999996)
(-1.2299999999999998, 0.547, 0.07395599999999998)
(-1.2299999999999998, 0.48700000000000004, 0.13395599999999996)
(-1.2299999999999998, 0.413, 0.133235)
(-1.2299999999999998, 0.353, 0.07323499999999998)
(-1.2299999999999998, 0.293, 0.133235)
(-1.13, -0.803, -0.052712999999999996, 'right:tnL:1')
(-1.4269999999999998, -0.803, -0.052712999999999996)
(-1.4269999999999998, -0.997, -0.04233999999999999)
(-1.0299999999999998, -0.997, -0.04233999999999999, 'right:tfL:-1')
(-1.02457226064798, -0.989908, -0.063249)
(-0.48613923835734824, -0.980597, -0.058729)
(0.6298600486589947, -0.989005, -0.051243)
(0.9603469860690599, -0.989568, -0.046529)
(1.0299999999999998, -0.997, -0.046429, 'left:tfL:1')
(1.4269999999999998, -0.997, -0.046429)
(1.4269999999999998, -0.803, -0.047502)
(1.13, -0.803, -0.047502, 'left:tnL:-1')
(1.2299999999999998, 0.293, 0.12354899999999998)
(1.2299999999999998, 0.353, 0.06354899999999998)
(1.2299999999999998, 0.413, 0.12354899999999998)
(1.2299999999999998, 0.48700000000000004, 0.12413299999999998)
(1.2299999999999998, 0.547, 0.06413299999999998)
(1.2299999999999998, 0.607, 0.12413299999999998)
(1.21, 0.78, 0.163041, 'left:tfT:1')
(1.4499999999999997, 0.78, 0.163041)
(1.4499999999999997, 1.02, 0.163041)
(1.21, 1.02, 0.163041, 'left:tnT:-1')
(1.13, 0.607, 0.12413299999999998)
(1.13, 0.547, 0.06413299999999998)
(1.13, 0.48700000000000004, 0.12413299999999998)
(1.13, 0.413, 0.12354899999999998)
(1.13, 0.353, 0.06354899999999998)
(1.13, 0.293, 0.12354899999999998)
(1.0299999999999998, -0.803, -0.047502)
(0.7268741898979078, -0.608564, -0.033752000000000004)
(-0.12791337778685394, -0.220739, 0.008815999999999997)
(-0.32025180462943986, -0.201868, 0.011400500000000001)
(-0.7964323647424958, 0.194661, 0.096518)
(-1.0299999999999998, 0.353, 0.133235, 'right:tfF:1')
(-1.4269999999999998, 0.353, 0.133235)
(-1.4269999999999998, 0.547, 0.13395599999999996)
(-1.0299999999999998, 0.547, 0.13395599999999996, 'right:tnF:-1')
(-1.0071119713745376, 0.540046, 0.13284999999999997)
(-0.6611516366006921, 0.60738, 0.08973099999999999)
(-0.24802223267955215, 0.670434, 0.040506500000000015)
(0.02305397462420204, 0.676263, 0.03480649999999999)
(0.29443206335958527, 0.678975, 0.03166699999999999)
(0.6928004254506036, 0.749838, -0.013524999999999995)
(1.0119553925790443, 0.809975, -0.035694000000000004)
(1.0299999999999998, 0.803, -0.037722000000000006, 'left:bfT:1')
(1.4269999999999998, 0.803, -0.037722000000000006)
(1.4269999999999998, 0.997, -0.036959000000000006)
(1.0299999999999998, 0.997, -0.036959000000000006, 'left:bnT:-1')
(1.0286210233780535, 0.989851, -0.037112000000000006)