0.0
0.0
1.15
(0.5752408862733187, 0.990903, -0.10934099999999998)
(-0.48302607709143797, 0.999063, -0.11608999999999998)
(-0.5901701971085221, 0.999388, -0.11704099999999999)
(-0.9987071156799681, 0.990053, -0.11284499999999999)
(-1.0299999999999998, 0.997, -0.113105, 'right:bnT:1')
(-1.4269999999999998, 0.997, -0.113105)
(-1.4269999999999998, 0.803, -0.10919100000000002)
(-1.13, 0.803, -0.10919100000000002, 'right:bfT:-1')
(-1.2299999999999998, 0.863, 0.095709)
(-1.2299999999999998, 0.803, 0.155709)
(-1.2299999999999998, 0.7430000000000001, 0.095709)
(-1.2299999999999998, 0.607, 0.088772)
(-1.2299999999999998, 0.547, 0.028772000000000006)
(-1.2299999999999998, 0.48700000000000004, 0.088772)
(-1.2299999999999998, 0.413, 0.08966900000000001)
(-1.2299999999999998, 0.353, 0.149669)
(-1.2299999999999998, 0.293, 0.08966900000000001)
(-1.21, -0.78, 0.08173600000000004, 'right:tnL:1')
(-1.4499999999999997, -0.78, 0.08173600000000004)
(-1.4499999999999997, -1.02, 0.08173600000000004)
(-1.21, -1.02, 0.08173600000000004, 'right:tfL:-1')
(-1.13, 0.293, 0.08966900000000001)
(-1.13, 0.353, 0.149669)
(-1.13, 0.413, 0.08966900000000001)
(-1.13, 0.48700000000000004, 0.088772)
(-1.13, 0.547, 0.028772000000000006)
(-1.13, 0.607, 0.088772)
(-1.13, 0.7430000000000001, 0.095709)
(-1.13, 0.803, 0.155709)
(-1.13, 0.863, 0.095709)
(-1.0299999999999998, 0.803, -0.10919100000000002)
(-1.0051008995606543, 0.809986, -0.11641099999999997)
(-0.6656724572374536, 0.799482, -0.05537799999999998)
(0.03187366550899321, 0.768251, 0.03525600000000002)
(0.15928912767767825, 0.765764, 0.039786)
(0.25349629954674163, 0.763932, 0.04335450000000003)
(0.38148756615597024, 0.761075, 0.04802250000000004)
(0.6886799515673373, 0.640063, 0.07890900000000002)
(0.8487560804627836, 0.55097, 0.07905400000000003)
(0.9192739298653064, 0.54583, 0.07849100000000002)
(1.0142131653725335, 0.539787, 0.07865600000000002)
(1.0299999999999998, 0.547, 0.07940200000000001, 'left:tnF:1')
(1.4269999999999998, 0.547, 0.07940200000000001)
(1.4269999999999998, 0.353, 0.07879800000000002)
(1.0299999999999998, 0.353, 0.07879800000000002, 'left:tfF:-1')
(1.0128731892395206, 0.360167, 0.07804600000000002)
(0.722880193556831, 0.455415, 0.05794950000000003)
(0.6394294078475652, 0.52757, 0.04518900000000002)
(0.5145795905123876, 0.629425, 0.03420150000000004)
(-0.1559628044385048, 0.697028, 0.024609000000000006)
(-0.24643680867345552, 0.703837, 0.023601000000000025)
(-0.368931176385596, 0.713963, 0.026286000000000018)
(-0.48554548908593675, 0.726143, 0.026916000000000037)
(-0.7126558905142135, 0.902489, 0.08942500000000002)
(-0.9495389818535979, 0.98699, 0.099562)
(-1.0078579111570136, 0.989967, 0.101312)
(-1.0299999999999998, 0.997, 0.10412500000000001, 'right:tnT:1')
(-1.4269999999999998, 0.997, 0.10412500000000001)
(-1.4269999999999998, 0.803, 0.095709)
(-1.0299999999999998, 0.803, 0.095709, 'right:tfT:-1')
(-0.8096677351513626, 0.465934, 0.03278550000000004)
(-0.8081950457272205, 0.236242, -0.005912999999999974)
(-0.8066260321401619, -6.4e-05, -0.03252999999999999)
(-0.8114101322316699, -0.469941, -0.08947899999999999)
(-1.058888312133098, -0.740077, -0.10991999999999998)
(-1.0299999999999998, -0.803, -0.11826399999999997, 'right:bnL:1')
(-1.4269999999999998, -0.803, -0.11826399999999997)
(-1.4269999999999998, -0.997, -0.12393199999999994)
(-1.0299999999999998, -0.997, -0.12393199999999994, 'right:bfL:-1')
(-1.0176316028875838, -0.98965, -0.11250299999999998)
(-0.6450143080715546, -0.984089, -0.11427699999999998)
(-0.5084573919401058, -0.978856, -0.11526199999999999)
(0.557607135399549, -0.972561, -0.11759499999999999)
(0.6527401530061504, -0.976916, -0.11791699999999998)
(0.7258419582950488, -0.982046, -0.11736499999999998)
(1.0167111719974953, -0.989689, -0.11496299999999997)
(1.0299999999999998, -0.997, -0.11526799999999997, 'left:bfL:1')
(1.4269999999999998, -0.997, -0.11526799999999997)
(1.4269999999999998, -0.803, -0.11541699999999998)
(1.0299999999999998, -0.803, -0.11541699999999998, 'left:bnL:-1')
(0.8100808587834254, -0.466971, -0.07751499999999999)
(0.8026531955541046, -0.095167, -0.03815399999999998)
(0.8066431564357915, 0.448777, 0.027373500000000037)
(0.8147108402142677, 0.475809, 0.03376650000000002)
(0.8847492093391623, 0.549252, 0.05438850000000002)
(0.91181415858168, 0.578551, 0.062769)
(1.0299999999999998, 0.803, 0.11891600000000001, 'left:tfT:1')
(1.4269999999999998, 0.803, 0.11891600000000001)
(1.4269999999999998, 0.997, 0.108499)
(1.0299999999999998, 0.997, 0.108499, 'left:tnT:-1')
(0.9964017573808388, 0.990043, 0.10573500000000001)
(0.7744489264528043, 0.977829, 0.10826200000000001)
(0.6959672831514585, 0.940627, 0.099815)
(0.5692961359994989, 0.841045, 0.03274500000000004)
(0.41307332944469116, 0.764999, 0.023371500000000017)
(0.2882521980638847, 0.753153, 0.02530350000000002)
(0.16102938422103205, 0.742959, 0.029106000000000007)
(0.03382155413685543, 0.733079, 0.03306150000000001)
(-0.22645703674766757, 0.706478, 0.044587500000000016)
(-0.35082865536819846, 0.697353, 0.058279500000000026)
(-0.5733338055383144, 0.580775, 0.05554050000000001)
(-0.6806735486043252, 0.485347, 0.07641100000000002)
(-0.7604885752646107, 0.417379, 0.084083)
(-0.9526470415103624, 0.362634, 0.08850000000000001)
(-1.0104822094622434, 0.360096, 0.089511)
(-1.0299999999999998, 0.353, 0.08966900000000001, 'right:tfF:1')
(-1.4269999999999998, 0.353, 0.08966900000000001)
(-1.4269999999999998, 0.547, 0.088772)
(-1.0299999999999998, 0.547, 0.088772, 'right:tnF:-1')
(-1.0176080569810932, 0.539651, 0.08827600000000001)
(-0.6331787001713849, 0.633637, 0.06705600000000002)
(-0.47381748711664273, 0.722505, 0.05075550000000002)
(-0.3512567627589374, 0.729325, 0.044223000000000026)
(-0.012403341378184074, 0.749133, 0.016641000000000017)
(0.11390546318544052, 0.756395, 0.008977500000000013)
(0.22499933108220202, 0.762358, 0.004605000000000012)
(0.3533416457518372, 0.768317, -0.000773999999999983)
(0.4815726524998799, 0.773899, -0.006422999999999977)
(0.6205824127647861, 0.811796, -0.054423999999999986)
(0.7455116251522426, 0.816915, -0.08867199999999999)
(1.0072414365143494, 0.810021, -0.105501)
(1.0299999999999998, 0.803, -0.105887)
(1.13, 0.863, 0.11891600000000001)
(1.13, 0.803, 0.17891600000000002)
(1.13, 0.7430000000000001, 0.11891600000000001)
(1.13, 0.607, 0.07940200000000001)
(1.13, 0.547, 0.019402000000000016)
(1.13, 0.48700000000000004, 0.07940200000000001)
(1.13, 0.413, 0.07879800000000002)
(1.13, 0.353, 0.13879800000000003)
(1.13, 0.293, 0.07879800000000002)
(1.21, -1.02, 0.08473200000000004, 'left:tfL:1')
(1.4499999999999997, -1.02, 0.08473200000000004)
(1.4499999999999997, -0.78, 0.08473200000000004)
(1.21, -0.78, 0.08473200000000004, 'left:tnL:-1')
(1.2299999999999998, 0.293, 0.07879800000000002)
(1.2299999999999998, 0.353, 0.13879800000000003)
(1.2299999999999998, 0.413, 0.07879800000000002)
(1.2299999999999998, 0.48700000000000004, 0.07940200000000001)
(1.2299999999999998, 0.547, 0.019402000000000016)
(1.2299999999999998, 0.607, 0.07940200000000001)
(1.2299999999999998, 0.7430000000000001, 0.11891600000000001)
(1.2299999999999998, 0.803, 0.17891600000000002)
(1.2299999999999998, 0.863, 0.11891600000000001)
(1.13, 0.803, -0.105887, 'left:bfT:1')
(1.4269999999999998, 0.803, -0.105887)
(1.4269999999999998, 0.997, -0.10582999999999997)
(1.0299999999999998, 0.997, -0.10582999999999997, 'left:bnT:-1')
(0.9969326105453552, 0.990047, -0.10598199999999998)
(0.6953319397953233, 0.98773, -0.10628599999999998)