0.0
0.0
1.15
(0.5084566316643794, 0.995424, -0.194154)
(-0.5805636756022428, 0.99732, -0.195631)
(-0.6593440407988803, 0.992746, -0.19638299999999997)
(-0.7248770583515559, 0.989968, -0.197002)
(-1.0162229446605169, 0.989655, -0.197592)
(-1.0299999999999998, 0.997, -0.19759300000000002, 'right:bnT:1')
(-1.4269999999999998, 0.997, -0.19759300000000002)
(-1.4269999999999998, 0.803, -0.20112000000000002)
(-1.0299999999999998, 0.803, -0.20112000000000002, 'right:bfT:-1')
(-0.890048741787077, 0.567536, -0.06076999999999999)
(-0.8642762368969397, 0.521058, -0.03635849999999999)
(-0.8416042385748611, 0.472188, -0.011642999999999987)
(-0.8201833858443633, 0.365746, 0.03501600000000002)
(-0.8262913837834385, 0.335669, 0.03830400000000002)
(-0.837657476096462, -0.460491, 0.02928)
(-0.8510498406430811, -0.48701, 0.028800000000000006)
(-0.9471819586994283, -0.593506, 0.027110999999999996)
(-1.0299999999999998, -0.803, 0.021823499999999996, 'right:tnL:1')
(-1.4269999999999998, -0.803, 0.021823499999999996)
(-1.4269999999999998, -0.997, 0.02745449999999998)
(-1.0299999999999998, -0.997, 0.02745449999999998, 'right:tfL:-1')
(-1.0070417975642778, -0.989988, 0.015588000000000019)
(-0.9526133166757093, -0.986094, 0.015694500000000014)
(-0.7904226993784854, -0.830645, 0.013908000000000018)
(-0.7442807070900077, -0.634372, 0.018711000000000005)
(-0.6617485845091396, -0.286119, 0.03622500000000002)
(-0.6201136287993994, -0.125396, 0.04156500000000003)
(-0.5450736142331484, 0.223234, 0.023757000000000028)
(-0.4633953282661325, 0.252737, 0.015574500000000019)
(-0.3863714498059899, 0.280643, -0.009404999999999983)
(-0.29481349085122555, 0.293202, -0.009434999999999999)
(0.06387681869787859, 0.414599, -0.020612999999999992)
(0.15431494763335618, 0.42942, -0.0017519999999999897)
(0.19958599118179499, 0.436821, 0.007686000000000026)
(0.3363858124467101, 0.447093, 0.025452000000000002)
(0.4393445164349649, 0.455078, 0.03900450000000001)
(0.5438206448141748, 0.46159, 0.046128000000000016)
(0.6625773621854683, 0.494925, 0.054879000000000025)
(0.7638420355607173, 0.522483, 0.039205500000000004)
(1.0114955840579245, 0.539862, 0.017821500000000018)
(1.0299999999999998, 0.547, 0.017020500000000008)
(1.0299999999999998, 0.353, 0.017268000000000006)
(1.0164600422216037, 0.360358, 0.01721250000000002)
(0.8251150151149692, 0.361485, -0.0010409999999999864)
(0.811090386808879, 0.363476, -0.0019694999999999713)
(0.640845697214814, 0.378354, -0.02461199999999998)
(0.2597212279829841, 0.407064, 0.0023445000000000132)
(0.15899671255112435, 0.414137, 0.007998000000000019)
(0.0574113505897805, 0.421637, 0.013552500000000023)
(-0.5773019523631391, 0.607542, 0.029380500000000004)
(-0.6599032759173256, 0.748116, 0.04486050000000004)
(-0.7691510806305832, 0.913547, 0.05496400000000003)
(-0.9678550421988057, 0.988226, 0.04990700000000002)
(-1.0166296581691505, 0.989633, 0.04941600000000003)
(-1.0299999999999998, 0.997, 0.04981600000000001, 'right:tnT:1')
(-1.4269999999999998, 0.997, 0.04981600000000001)
(-1.4269999999999998, 0.803, 0.054083000000000006)
(-1.0299999999999998, 0.803, 0.054083000000000006, 'right:tfT:-1')
(-0.9296732157268631, 0.564196, -0.03569399999999999)
(-0.8875993415983108, 0.517759, -0.047330999999999984)
(-0.8405154136212544, 0.469695, -0.05720599999999999)
(-0.838405245327582, 0.260986, -0.077994)
(-0.8365577081784975, 0.001345, -0.10401099999999998)
(-0.836966245514524, -0.456488, -0.14906199999999997)
(-0.8478581427053741, -0.482851, -0.152235)
(-1.0299999999999998, -0.803, -0.20519199999999999, 'right:bnL:1')
(-1.4269999999999998, -0.803, -0.20519199999999999)
(-1.4269999999999998, -0.997, -0.20227399999999995)
(-1.0299999999999998, -0.997, -0.20227399999999995, 'right:bfL:-1')
(-1.0156356722399784, -0.989685, -0.20806200000000002)
(-0.769187582242883, -0.972458, -0.20764900000000003)
(-0.626340955947823, -0.943086, -0.20637900000000003)
(-0.005083118376699129, -0.936607, -0.20461800000000002)
(0.6817448910920796, -0.962644, -0.20261099999999999)
(1.016060624022542, -0.989663, -0.200758)
(1.0299999999999998, -0.997, -0.20076699999999997, 'left:bfL:1')
(1.4269999999999998, -0.997, -0.20076699999999997)
(1.4269999999999998, -0.803, -0.200438)
(1.0299999999999998, -0.803, -0.200438, 'left:bnL:-1')
(0.8466726548999399, -0.481143, -0.16304999999999997)
(0.836761976846511, -0.454694, -0.16051300000000002)
(0.836535822249782, -0.232507, -0.13472099999999998)
(0.8365394699045681, 2.6e-05, -0.107723)
(0.8369224736570929, 0.456146, -0.05474699999999999)
(0.8474842580898141, 0.482324, -0.049840499999999996)
(0.8858046954436231, 0.527954, -0.03624749999999999)
(1.0299999999999998, 0.803, 0.062798, 'left:tfT:1')
(1.4269999999999998, 0.803, 0.062798)
(1.4269999999999998, 0.997, 0.057117000000000015)
(1.0299999999999998, 0.997, 0.057117000000000015, 'left:tnT:-1')
(1.0167992741166976, 0.989624, 0.056730000000000017)
(0.9678276847879113, 0.988222, 0.057237000000000024)
(0.7259387204487153, 0.791371, 0.04682100000000004)
(0.46578818980571673, 0.453337, 0.019300500000000026)
(0.36656650814566916, 0.432542, 0.018750000000000017)
(0.24833872122342351, 0.406683, 0.023506500000000013)
(-0.25333965593496205, 0.259406, 0.029440500000000022)
(-0.3524026646118209, 0.248685, 0.01810500000000001)
(-0.4467565509600168, 0.238481, 0.00404850000000001)
(-0.5450626712687907, 0.235169, -0.00666449999999999)
(-0.6872632115068094, 0.287562, -0.011408999999999989)
(-0.8140187103796385, 0.348278, 0.014767500000000003)
(-0.818647723179478, 0.350787, 0.015571500000000016)
(-0.8736507096968341, 0.353232, 0.020115000000000022)
(-1.0164345086381017, 0.360356, 0.031752)
(-1.0299999999999998, 0.353, 0.032208000000000014)
(-1.0299999999999998, 0.547, 0.03319050000000001)
(-1.0097684195167766, 0.539919, 0.03284400000000001)
(-0.7334639105550693, 0.429833, 0.04713400000000002)
(-0.6624226476162788, 0.371567, 0.05514500000000001)
(-0.5984024698033852, 0.319971, 0.060491)
(-0.43731824420136856, 0.280817, 0.021141000000000007)
(-0.36235711452268127, 0.273307, 0.011548500000000017)
(-0.28779357921566273, 0.258703, 0.004477500000000023)
(-0.21616275835654897, 0.235548, -0.003205499999999986)
(-0.0011972058431224898, 0.050618, -0.0384915)
(0.6652846428884184, -0.4502, -0.006014999999999979)
(0.7712391502154863, -0.773909, 0.019599000000000005)
(0.9083891500508388, -0.974454, 0.04334250000000002)
(0.9548237954759956, -0.986456, 0.045604500000000034)
(1.0032117600390291, -0.990044, 0.04321800000000002)
(1.0299999999999998, -0.997, 0.03926550000000002, 'left:tfL:1')
(1.4269999999999998, -0.997, 0.03926550000000002)
(1.4269999999999998, -0.803, 0.026289000000000007)
(1.0299999999999998, -0.803, 0.026289000000000007, 'left:tnL:-1')
(0.845096868032409, -0.478689, 0.04957000000000002)
(0.8365887132441784, -0.452234, 0.049317000000000014)
(0.817394753760504, 0.350249, 0.023052000000000003)
(0.8214637126742321, 0.379631, 0.01420200000000002)
(0.8372288766591127, 0.461364, -0.015025499999999983)
(0.8441430063058828, 0.511538, -0.031076999999999994)
(0.8755766714238162, 0.556004, -0.05519299999999999)
(1.0299999999999998, 0.803, -0.188909, 'left:bfT:1')
(1.4269999999999998, 0.803, -0.188909)
(1.4269999999999998, 0.997, -0.19131399999999998)
(1.0299999999999998, 0.997, -0.19131399999999998, 'left:bnT:-1')
(1.0156612058234804, 0.989683, -0.191338)
(0.7393299014185103, 0.993232, -0.192405)
(0.6472816648828544, 0.994798, -0.19324000000000002)