-0.431836
0.000000
-1.331836
( 0.273454, 0.989173, -0.011426 )
( -0.774261, 0.977142, 0.007547 )
( -1.331836, 0.990054, 0.002540 )
( -1.365845, 0.983385, 0.002916 )
( -1.390934, 0.967949, 0.003237 )
( -1.417620, 0.927399, 0.003721 )
( -1.421887, 0.899364, 0.004045 )
( -1.413386, 0.861800, 0.004124 )
( -1.391548, 0.832591, 0.004154 )
( -1.351960, 0.812224, 0.000469 )
( -0.822201, 0.764589, 0.058111 )
( -0.036573, 0.683813, 0.151840 )
( 0.023699, 0.677317, 0.158895 )
( 0.716200, 0.603360, 0.157695 )
( 1.353081, 0.537512, 0.157695 )
( 1.393894, 0.515256, 0.157695 )
( 1.417226, 0.478603, 0.157695 )
( 1.421878, 0.448584, 0.157695 )
( 1.411259, 0.407556, 0.157695 )
( 1.383051, 0.375928, 0.157695 )
( 0.906119, 0.157421, 0.157695 )
( 0.011304, -0.208380, 0.157695 )
( -0.032287, -0.224246, 0.157695 )
( -0.883633, -0.585734, 0.061991 )
( -1.362019, -0.815155, 0.003342 )
( -1.402136, -0.843719, 0.002201 )
( -1.421228, -0.889107, 0.001087 )
( -1.419932, -0.918674, 0.001008 )
( -1.409122, -0.946223, 0.000929 )
( -1.384970, -0.972708, 0.001001 )
( -1.360532, -0.985359, 0.000591 )
( -1.331836, -0.990054, 0.000264 )
( -0.320331, -0.990974, 0.001215 )
( 0.726817, -0.990176, 0.001774 )
( 1.331836, -0.990054, 0.001869 )
( 1.380614, -0.975699, 0.002038 )
( 1.411292, -0.942382, 0.001514 )
( 1.421833, -0.903192, 0.000901 )
( 1.417383, -0.871868, 0.000722 )
( 1.402373, -0.844016, 0.000543 )
( 1.373724, -0.820281, 0.000819 )
( 0.893797, -0.627236, 0.046502 )
( 0.033301, -0.231550, 0.139958 )
( -0.016064, -0.207604, 0.146804 )
( -0.938749, 0.199426, 0.146048 )
( -1.360931, 0.364776, 0.146048 )
( -1.386749, 0.378626, 0.146048 )
( -1.406754, 0.400030, 0.146048 )
( -1.419740, 0.430441, 0.146048 )
( -1.421554, 0.457770, 0.146048 )
( -1.413351, 0.488275, 0.146048 )
( -1.395113, 0.514075, 0.146048 )
( -1.366037, 0.533306, 0.146048 )
( -1.331836, 0.540054, 0.146048 )
( -0.682951, 0.606182, 0.146048 )
( -0.068994, 0.668908, 0.146048 )
( -0.008614, 0.673994, 0.140440 )
( 0.848516, 0.760881, 0.049976 )
( 1.331836, 0.809946, -0.001467 )
( 1.367524, 0.817320, -0.001930 )
( 1.405112, 0.847653, -0.002091 )
( 1.421620, 0.893035, -0.002099 )
( 1.417063, 0.929085, -0.000415 )
( 1.398630, 0.960400, 0.001269 )
( 1.374874, 0.979104, -0.000374 )
( 1.333998, 0.990028, -0.001973 )
( 0.758093, 0.997696, -0.017729 )
( 0.304432, 0.995622, -0.017280 )