0.0
0.0
1.15
(0.44249139979582275, 0.987441, -0.33872775000000005)
(-0.6930146411013477, 0.989232, -0.34414475000000005)
(-0.9962260698520157, 0.99005, -0.34806375)
(-1.0299999999999998, 0.997, -0.34808675000000006)
(-1.0699999999999998, 1.037, -0.34808675000000006)
(-1.0699999999999998, 1.037, 0.07167775)
(-1.0299999999999998, 0.997, 0.07167775, 'right:tnT:1')
(-1.4269999999999998, 0.997, 0.07167775)
(-1.4269999999999998, 0.803, 0.07216574999999993)
(-1.0299999999999998, 0.803, 0.07216574999999993, 'right:tfT:-1')
(-1.0699999999999998, 0.763, 0.07216574999999993)
(-1.0699999999999998, 0.763, -0.3475987500000001)
(-1.0299999999999998, 0.803, -0.3475987500000001)
(-1.019898904416641, 0.810051, -0.34802775)
(-0.7781018288352503, 0.77005, -0.31271375)
(-0.5476763440396117, 0.729702, -0.27399975000000004)
(0.03684728162667787, 0.679371, -0.22613275000000005)
(0.31118684385078005, 0.675575, -0.22325675)
(0.7257759925758698, 0.592111, -0.17744075000000004)
(1.0299999999999998, 0.547, -0.14580375, 'left:bnF:1')
(1.4269999999999998, 0.547, -0.14580375)
(1.4269999999999998, 0.353, -0.15331275)
(1.0299999999999998, 0.353, -0.15331275, 'left:bfF:-1')
(0.9973559616660176, 0.359948, -0.13763975)
(0.6503302190027315, 0.518959, -0.11465875000000002)
(-0.04172823128473761, 0.679001, -0.09037525)
(-0.3001257976715993, 0.689512, -0.08762125000000003)
(-0.6044755350465719, 0.830011, -0.05440425)
(-1.0255941080945072, 0.98988, -0.02982525000000001)
(-1.0299999999999998, 0.997, -0.028322250000000007, 'right:bnT:1')
(-1.4269999999999998, 0.997, -0.028322250000000007)
(-1.4269999999999998, 0.803, -0.03343425000000001)
(-1.0299999999999998, 0.803, -0.03343425000000001, 'right:bfT:-1')
(-1.0299999999999998, 0.547, 0.10327074999999998, 'right:tnF:1')
(-1.4269999999999998, 0.547, 0.10327074999999998)
(-1.4269999999999998, 0.353, 0.10426874999999998)
(-1.0299999999999998, 0.353, 0.10426874999999998, 'right:tfF:-1')
(-0.9862949154868369, 0.360996, 0.10168075)
(-0.806945853908702, 0.386044, 0.08860674999999997)
(-0.31008844539788055, 0.395141, 0.08399575)
(0.6827752746134019, 0.400685, 0.07880875)
(1.0299999999999998, 0.353, 0.07851274999999998, 'left:tfF:1')
(1.4269999999999998, 0.353, 0.07851274999999998)
(1.4269999999999998, 0.547, 0.07925974999999998)
(1.0299999999999998, 0.547, 0.07925974999999998, 'left:tnF:-1')
(1.0299999999999998, 0.803, -0.06718975, 'left:bfT:1')
(1.4269999999999998, 0.803, -0.06718975)
(1.4269999999999998, 0.997, -0.06795775)
(1.0299999999999998, 0.997, -0.06795775, 'left:bnT:-1')
(0.7251421601028043, 0.883463, -0.06069225000000002)
(0.09246815031678111, 0.687038, -0.06642625)
(-0.16408590837355064, 0.676329, -0.06655375000000001)
(-0.5022379521628431, 0.57918, -0.08175324999999999)
(-0.8671449857241749, 0.413606, -0.11726475000000001)
(-0.995535326273415, 0.359952, -0.12497575000000001)
(-1.0299999999999998, 0.353, -0.12347175, 'right:bfF:1')
(-1.4269999999999998, 0.353, -0.12347175)
(-1.4269999999999998, 0.547, -0.11761575)
(-1.0299999999999998, 0.547, -0.11761575, 'right:bnF:-1')
(-0.6642068692508021, 0.59445, -0.17213675)
(-0.04503556643260719, 0.667566, -0.23871925000000005)
(0.2339973925573511, 0.672416, -0.24480174999999998)
(0.8465952124576455, 0.779689, -0.31349275000000004)
(1.0170673131904573, 0.810024, -0.33253675)
(1.0299999999999998, 0.803, -0.33286275000000004)
(1.0699999999999998, 0.763, -0.33286275000000004)
(1.0699999999999998, 0.763, 0.03150925)
(1.0299999999999998, 0.803, 0.03150925, 'left:tfT:1')
(1.4269999999999998, 0.803, 0.03150925)
(1.4269999999999998, 0.997, 0.03204225000000001)
(1.0299999999999998, 0.997, 0.03204225000000001, 'left:tnT:-1')
(1.0699999999999998, 1.037, 0.03204225000000001)
(1.0699999999999998, 1.037, -0.33232975000000003)
(1.0299999999999998, 0.997, -0.33232975000000003)
(0.9999313830882179, 0.990054, -0.33235375000000006)
(0.8052953156260816, 0.988396, -0.33454275000000006)