0.0
0.0
1.15
(0.2585569241237467, 0.962599, -0.1595515)
(-0.7013637635853874, 0.962717, -0.1634875)
(-1.0043316014693662, 0.990026, -0.1712125)
(-1.0299999999999998, 0.997, -0.1711785, 'right:bnT:1')
(-1.4269999999999998, 0.997, -0.1711785)
(-1.4269999999999998, 0.803, -0.1736785)
(-1.0299999999999998, 0.803, -0.1736785, 'right:bfT:-1')
(-1.006564385731926, 0.81001, -0.1679755)
(-0.8866735519637987, 0.766705, -0.14267249999999998)
(-0.6706897748547082, 0.694605, -0.09373450000000001)
(-0.40317676661773894, 0.657648, -0.0508165)
(-0.28144148551990794, 0.654872, -0.047426499999999996)
(-0.15963048391230347, 0.651075, -0.044167)
(0.290493212578491, 0.612266, -0.019697000000000006)
(0.8156960180858412, 0.56547, 0.008382999999999988)
(1.013074408020937, 0.539802, 0.023369999999999988)
(1.0299999999999998, 0.547, 0.024451999999999988, 'left:bnF:1')
(1.4269999999999998, 0.547, 0.024451999999999988)
(1.4269999999999998, 0.353, 0.033570999999999976)
(1.0299999999999998, 0.353, 0.033570999999999976, 'left:bfF:-1')
(1.015048965929653, 0.360281, 0.015781000000000003)
(0.9620717908094718, 0.362091, 0.016915)
(0.7335675970404467, 0.466383, 0.02494500000000001)
(0.05514006352756701, 0.640229, 0.04085250000000003)
(-0.06255290727926432, 0.648148, 0.039078000000000016)
(-0.6997604125408694, 0.775374, 0.0768735)
(-1.0079778352477031, 0.98996, 0.1251855)
(-1.0299999999999998, 0.997, 0.12550449999999996, 'right:tnT:1')
(-1.4269999999999998, 0.997, 0.12550449999999996)
(-1.4269999999999998, 0.803, 0.13471649999999996)
(-1.13, 0.803, 0.13471649999999996, 'right:tfT:-1')
(-1.21, 0.5700000000000001, 0.257489, 'right:tnF:1')
(-1.4499999999999997, 0.5700000000000001, 0.257489)
(-1.4499999999999997, 0.33, 0.257489)
(-1.21, 0.33, 0.257489, 'right:tfF:-1')
(-1.0299999999999998, 0.803, 0.13471649999999996)
(-0.9909931424399863, 0.810066, 0.11625550000000003)
(-0.8897022963235119, 0.788403, 0.10625049999999998)
(-0.6944094965168559, 0.731397, 0.09840549999999999)
(0.06866491150408206, 0.726548, 0.09582150000000002)
(0.40495911092472275, 0.747996, 0.09133500000000001)
(0.5036928310151215, 0.749942, 0.09122699999999999)
(0.5711287403990282, 0.751127, 0.0912225)
(0.6708390609103548, 0.753956, 0.09112800000000003)
(1.0146897788961116, 0.810265, 0.08839199999999998)
(1.0299999999999998, 0.803, 0.08708550000000002)
(1.21, 0.33, 0.23357099999999997, 'left:tfF:1')
(1.4499999999999997, 0.33, 0.23357099999999997)
(1.4499999999999997, 0.5700000000000001, 0.23357099999999997)
(1.21, 0.5700000000000001, 0.23357099999999997, 'left:tnF:-1')
(1.13, 0.803, 0.08708550000000002, 'left:tfT:1')
(1.4269999999999998, 0.803, 0.08708550000000002)
(1.4269999999999998, 0.997, 0.08634150000000003)
(1.0299999999999998, 0.997, 0.08634150000000003, 'left:tnT:-1')
(1.0048441710739886, 0.990019, 0.08643149999999998)
(0.720836384700411, 0.814354, 0.06877949999999998)
(0.6682063170320669, 0.785228, 0.06886649999999998)
(0.5702123280756127, 0.775137, 0.06928349999999998)
(0.5021978363349728, 0.769704, 0.06924599999999999)
(0.4051202597019337, 0.759976, 0.06902100000000001)
(0.11372638102560577, 0.644872, 0.062679)
(-0.002980281602633561, 0.638387, 0.0632175)
(-0.8112675714143694, 0.448244, 0.03655500000000002)
(-0.9357031188397813, 0.385575, 0.038749500000000006)
(-1.0108707470313678, 0.360121, 0.04247550000000001)
(-1.0299999999999998, 0.353, 0.0442935, 'right:bfF:1')
(-1.4269999999999998, 0.353, 0.0442935)
(-1.4269999999999998, 0.547, 0.057489)
(-1.0299999999999998, 0.547, 0.057489, 'right:bnF:-1')
(-1.0150062517959346, 0.539722, 0.054636000000000004)
(-0.9176253069548277, 0.556287, 0.029065500000000008)
(-0.8270209667742611, 0.57637, 0.007425000000000001)
(-0.5443539992626952, 0.621868, -0.037437999999999985)
(-0.3581288879569436, 0.643558, -0.064711)
(-0.23737603193463924, 0.647568, -0.068032)
(0.2716882601891647, 0.688614, -0.1019905)
(0.6786154934496348, 0.73217, -0.12270550000000001)
(0.8509186652981716, 0.777761, -0.1433835)
(1.0069604622445891, 0.810018, -0.15729150000000003)
(1.0299999999999998, 0.803, -0.1576285, 'left:bfT:1')
(1.4269999999999998, 0.803, -0.1576285)
(1.4269999999999998, 0.997, -0.15537250000000002)
(1.0299999999999998, 0.997, -0.15537250000000002, 'left:bnT:-1')
(1.0036093442992162, 0.990035, -0.1553775)
(0.733458547659248, 0.973259, -0.1572945)