0.0
0.0
1.15
(0.3027316676260344, 1.044025, -0.06602675000000002)
(-0.6574015674339753, 1.017855, -0.07536275000000002)
(-1.0299999999999998, 0.997, -0.07360375000000002, 'right:bnT:1')
(-1.4269999999999998, 0.997, -0.07360375000000002)
(-1.4269999999999998, 0.803, -0.06977175000000004)
(-1.0299999999999998, 0.803, -0.06977175000000004, 'right:bfT:-1')
(-0.7130927674974743, 0.751789, -0.03520575000000002)
(-0.14393009157035247, 0.676734, 0.035709749999999985)
(0.1769405701259293, 0.672992, 0.03856674999999998)
(0.583886430776387, 0.615622, 0.07200374999999999)
(1.0299999999999998, 0.547, 0.10486374999999999, 'left:tnF:1')
(1.4269999999999998, 0.547, 0.10486374999999999)
(1.4269999999999998, 0.353, 0.08952475)
(1.0299999999999998, 0.353, 0.08952475, 'left:tfF:-1')
(0.7211113724068426, 0.189703, 0.10291574999999999)
(-0.1627066940515066, -0.200702, 0.04957574999999999)
(-0.7209096384049795, -0.605293, -0.013121750000000015)
(-1.0299999999999998, -0.803, -0.05666375000000003)
(-1.0299999999999998, -0.803, 0.17380324999999996)
(-1.0299999999999998, 1.02, 0.17380324999999996)
(-1.21, 1.02, 0.17380324999999996, 'right:tnT:1')
(-1.4499999999999997, 1.02, 0.17380324999999996)
(-1.4499999999999997, 0.78, 0.17380324999999996)
(-1.0799999999999998, 0.78, 0.17380324999999996, 'right:tfT:-1')
(-1.0799999999999998, -0.997, 0.17380324999999996)
(-1.0299999999999998, -0.997, -0.026196750000000033)
(-1.0180662852611932, -0.989982, -0.08717375000000001)
(-0.40622510559928504, -1.051769, -0.09497575000000001)
(0.5862139374562747, -1.023643, -0.10899075000000001)
(1.002890825895193, -0.99005, -0.12170275000000001)
(1.0299999999999998, -0.997, -0.12200675000000001)
(1.0799999999999998, -0.997, 0.14414925)
(1.0799999999999998, 0.78, 0.14414925, 'left:tfT:1')
(1.21, 0.78, 0.14414925)
(1.4499999999999997, 0.78, 0.14414925)
(1.4499999999999997, 1.02, 0.14414925, 'left:tnT:-1')
(1.0299999999999998, 1.02, 0.14414925)
(1.0299999999999998, -0.803, 0.14414925)
(1.0299999999999998, -0.803, -0.12972375000000003)
(0.7233117354665359, -0.635369, -0.09942675000000002)
(-0.20221925279790054, -0.226033, -0.02070375000000002)
(-0.7593697825132689, 0.185327, 0.06624375)
(-1.0299999999999998, 0.353, 0.11219174999999999, 'right:tfF:1')
(-1.4269999999999998, 0.353, 0.11219174999999999)
(-1.4269999999999998, 0.547, 0.12712774999999998)
(-1.0299999999999998, 0.547, 0.12712774999999998, 'right:tnF:-1')
(-1.0113650755193853, 0.540022, 0.12651874999999996)
(-0.6289246367019377, 0.595686, 0.08239274999999997)
(-0.18541481975012292, 0.666033, 0.019292249999999997)
(0.13138666035273538, 0.669821, 0.015134249999999974)
(0.669472250541614, 0.740943, -0.027130750000000023)
(1.0299999999999998, 0.803, -0.06044775000000002, 'left:bfT:1')
(1.4269999999999998, 0.803, -0.06044775000000002)
(1.4269999999999998, 0.997, -0.05585075000000002)
(1.0299999999999998, 0.997, -0.05585075000000002, 'left:bnT:-1')
(1.0187821088161932, 0.989977, -0.05579475000000002)
(0.6307044741452607, 1.027587, -0.06149675000000002)