-0.302857
0.030000
-1.202857
( -0.443341, 1.059786, -0.123216 )
( -0.463176, 1.068710, -0.126185 )
( -0.718709, 1.055642, -0.066386 )
( -1.202857, 1.020054, -0.046308 )
( -1.229991, 1.015869, -0.047021 )
( -1.277452, 0.995785, -0.049151 )
( -1.291781, 0.944221, -0.046476 )
( -1.290301, 0.908479, -0.045598 )
( -1.275024, 0.876134, -0.044721 )
( -1.250919, 0.853844, -0.044260 )
( -1.202857, 0.839946, -0.044243 )
( -0.675496, 0.891252, -0.101246 )
( -0.330253, 0.654463, -0.094449 )
( -0.016461, 0.469589, -0.062741 )
( 0.020466, 0.442455, -0.055287 )
( 0.681150, 0.059793, 0.050917 )
( 1.202857, 0.090054, 0.057012 )
( 1.240046, 0.082016, 0.057831 )
( 1.266206, 0.064005, 0.059277 )
( 1.284145, 0.038755, 0.059908 )
( 1.292038, 0.012510, 0.059324 )
( 1.291671, -0.014893, 0.058739 )
( 1.278309, -0.049159, 0.055707 )
( 1.251737, -0.075633, 0.052659 )
( 1.202857, -0.090054, 0.051095 )
( 0.729604, -0.117174, 0.038047 )
( 0.152789, -0.401749, -0.013279 )
( -0.012038, -0.474403, -0.022634 )
( -0.688690, -0.818433, -0.051218 )
( -1.202857, -0.839946, -0.045268 )
( -1.249390, -0.852900, -0.045653 )
( -1.273289, -0.873884, -0.046341 )
( -1.289062, -0.903955, -0.047285 )
( -1.292896, -0.931607, -0.048380 )
( -1.286767, -0.962692, -0.049579 )
( -1.264772, -0.995393, -0.050559 )
( -1.233625, -1.014634, -0.050864 )
( -1.202857, -1.020054, -0.050796 )
( -0.720601, -1.036169, -0.051336 )
( 0.027370, -1.052580, -0.048848 )
( 0.679665, -1.041462, -0.047584 )
( 1.219273, -1.018545, -0.050000 )
( 1.247476, -1.008223, -0.050030 )
( 1.270879, -0.989014, -0.050133 )
( 1.287301, -0.961287, -0.050135 )
( 1.292869, -0.927263, -0.049798 )
( 1.285873, -0.895100, -0.049080 )
( 1.268641, -0.868501, -0.048155 )
( 1.247124, -0.851577, -0.047421 )
( 1.202857, -0.839946, -0.047006 )
( 0.729980, -0.815445, -0.048542 )
( 0.606242, -0.743951, -0.021958 )
( 0.025915, -0.479620, 0.029136 )
( -0.016707, -0.459709, 0.031747 )
( -0.705312, -0.101267, 0.065476 )
( -1.202857, -0.090054, 0.054523 )
( -1.246598, -0.078717, 0.053556 )
( -1.267729, -0.062460, 0.050901 )
( -1.284507, -0.037986, 0.046221 )
( -1.292246, 0.010920, 0.035686 )
( -1.283924, 0.039216, 0.034149 )
( -1.265304, 0.064885, 0.035380 )
( -1.236522, 0.083524, 0.035827 )
( -1.202857, 0.090054, 0.036274 )
( -0.704571, 0.084889, 0.045218 )
( -0.268457, 0.343563, 0.022447 )
( -0.044257, 0.460744, 0.006821 )
( 0.032444, 0.507210, -0.003798 )
( 0.686826, 0.874398, -0.073973 )
( 1.202857, 0.839946, -0.048129 )
( 1.249259, 0.852822, -0.048131 )
( 1.272351, 0.872726, -0.048848 )
( 1.291311, 0.913104, -0.049782 )
( 1.288568, 0.957628, -0.050717 )
( 1.280733, 0.985624, -0.049455 )
( 1.229355, 1.016067, -0.050576 )
( 1.202857, 1.020054, -0.050955 )
( 0.712789, 0.978550, -0.047349 )
( 0.198143, 1.004696, -0.062942 )
( -0.434090, 1.040379, -0.097514 )
( -0.443166, 1.056378, -0.116052 )