-1.222857
0.000000
-2.122857
( 0.129081, 0.055748, 0.020789 )
( 1.181090, 0.083683, 0.005150 )
( 1.874960, 0.091410, 0.026672 )
( 2.127615, 0.089928, 0.040995 )
( 2.155718, 0.083844, 0.040901 )
( 2.179760, 0.069798, 0.040092 )
( 2.198361, 0.049080, 0.039057 )
( 2.212910, 0.000000, 0.036223 )
( 2.198359, -0.049082, 0.033390 )
( 2.180405, -0.069267, 0.032557 )
( 2.157466, -0.083138, 0.030407 )
( 2.131452, -0.089643, 0.029173 )
( 0.780747, -0.312051, -0.018761 )
( 0.054390, -0.438387, -0.040197 )
( -0.004346, -0.451801, -0.041693 )
( -0.865174, -0.609858, -0.061088 )
( -1.604173, -0.733106, -0.073079 )
( -2.155865, -0.816214, -0.082270 )
( -2.180063, -0.830450, -0.082440 )
( -2.198359, -0.850917, -0.082477 )
( -2.212910, -0.900000, -0.082172 )
( -2.198351, -0.949096, -0.081870 )
( -2.179287, -0.970181, -0.081890 )
( -2.152169, -0.985150, -0.081936 )
( -2.121582, -0.990045, -0.081981 )
( -1.222597, -0.984532, -0.086126 )
( -0.144414, -0.980484, -0.090088 )
( 0.672724, -0.979583, -0.092640 )
( 2.121238, -0.990039, -0.094376 )
( 2.152200, -0.985139, -0.094293 )
( 2.179605, -0.969923, -0.094210 )
( 2.198351, -0.949096, -0.093340 )
( 2.212910, -0.900000, -0.091027 )
( 2.198357, -0.850915, -0.088713 )
( 2.180128, -0.830504, -0.087918 )
( 2.155470, -0.816059, -0.087232 )
( 1.854728, -0.772022, -0.081902 )
( 0.863330, -0.605301, -0.054260 )
( 0.039250, -0.455360, -0.026779 )
( -0.021383, -0.444047, -0.024753 )
( -0.943941, -0.284371, -0.006916 )
( -2.157613, -0.083076, 0.017328 )
( -2.180507, -0.069182, 0.018641 )
( -2.198361, -0.049080, 0.018893 )
( -2.212910, 0.000000, 0.019407 )
( -2.198364, 0.049075, 0.019900 )
( -2.179497, 0.070011, 0.020254 )
( -2.155083, 0.084090, 0.020578 )
( -2.128589, 0.089871, 0.020746 )
( -1.728044, 0.067593, 0.047329 )
( -1.129576, 0.047955, 0.060352 )
( 0.094589, 0.054636, 0.032251 )