2.172857
0.000000
1.272857
( -0.456108, 1.040523, -0.071136 )
( -1.286535, 0.989009, -0.075475 )
( -1.312836, 0.980693, -0.075526 )
( -1.339423, 0.960652, -0.075611 )
( -1.356911, 0.932320, -0.075696 )
( -1.362798, 0.904495, -0.074789 )
( -1.349988, 0.853519, -0.072662 )
( -1.326484, 0.827655, -0.070271 )
( -1.290913, 0.811775, -0.069905 )
( -0.776933, 0.648153, -0.046545 )
( -0.064503, 0.443555, -0.004299 )
( -0.013301, 0.437803, -0.004147 )
( 0.807545, 0.249901, 0.026436 )
( 1.294341, 0.087453, 0.058125 )
( 1.325731, 0.072896, 0.063490 )
( 1.355903, 0.034828, 0.070474 )
( 1.362480, 0.008799, 0.072702 )
( 1.360773, -0.019506, 0.073527 )
( 1.350349, -0.045877, 0.074351 )
( 1.333114, -0.066923, 0.072871 )
( 1.310276, -0.081911, 0.071490 )
( 0.768420, -0.244864, 0.041569 )
( 0.012108, -0.468276, 0.000700 )
( -0.038498, -0.482919, -0.001533 )
( -0.788081, -0.678405, -0.027936 )
( -1.303053, -0.815160, -0.048055 )
( -1.335371, -0.835181, -0.047816 )
( -1.356081, -0.865598, -0.048133 )
( -1.362597, -0.892491, -0.049063 )
( -1.360640, -0.920094, -0.049993 )
( -1.336592, -0.963620, -0.049477 )
( -1.313825, -0.980195, -0.049469 )
( -1.288194, -0.988738, -0.049476 )
( -0.750748, -0.970554, -0.054769 )
( 0.696467, -0.968598, -0.060452 )
( 1.282464, -0.989540, -0.061648 )
( 1.309113, -0.982433, -0.061678 )
( 1.335711, -0.964490, -0.061736 )
( 1.354331, -0.938362, -0.061794 )
( 1.362363, -0.909919, -0.061105 )
( 1.360754, -0.880409, -0.060415 )
( 1.351101, -0.855419, -0.057917 )
( 1.334526, -0.834376, -0.055420 )
( 1.303676, -0.815384, -0.050751 )
( 0.834685, -0.698185, -0.028735 )
( 0.013459, -0.476996, 0.014145 )
( -0.036956, -0.461235, 0.017108 )
( -0.748345, -0.249813, 0.032628 )
( -1.309188, -0.082400, 0.033412 )
( -1.332646, -0.067342, 0.033487 )
( -1.350493, -0.045632, 0.031531 )
( -1.360779, -0.019478, 0.029575 )
( -1.357552, 0.030600, 0.027726 )
( -1.329190, 0.070258, 0.031208 )
( -1.302271, 0.085115, 0.035849 )
( -0.827026, 0.257364, 0.015165 )
( -0.083138, 0.435793, 0.011079 )
( -0.032527, 0.443890, 0.012443 )
( 0.758479, 0.666686, -0.034736 )
( 1.293493, 0.812343, -0.058589 )
( 1.324258, 0.826057, -0.055981 )
( 1.345324, 0.846538, -0.054807 )
( 1.358676, 0.872711, -0.053633 )
( 1.362524, 0.908340, -0.053153 )
( 1.355462, 0.935862, -0.052441 )
( 1.333743, 0.966351, -0.051381 )
( 1.310675, 0.981728, -0.051376 )
( 1.266043, 0.989795, -0.051577 )
( 0.764471, 1.012986, -0.057150 )
( -0.435956, 1.040911, -0.071017 )