-2.514933
0.000000
-3.414933
( -0.889705, 0.451530, -0.470975 )
( -0.420069, 0.374642, -0.505711 )
( -0.364232, 0.361585, -0.513236 )
( -0.293565, 0.353350, -0.499841 )
( -0.229138, 0.349985, -0.496603 )
( -0.187471, 0.348252, -0.494209 )
( -0.124340, 0.345945, -0.489140 )
( -0.063778, 0.352862, -0.496041 )
( 0.001214, 0.360570, -0.503526 )
( 0.058919, 0.371809, -0.500303 )
( 1.034907, 0.548110, -0.416290 )
( 1.833877, 0.671002, -0.362871 )
( 2.343867, 0.753848, -0.327085 )
( 3.063757, 0.878287, -0.274071 )
( 3.109527, 0.888629, -0.269590 )
( 3.142924, 0.897378, -0.265637 )
( 3.387315, 0.985714, -0.241891 )
( 3.413445, 0.990041, -0.236486 )
( 3.444920, 0.984914, -0.234970 )
( 3.472635, 0.969138, -0.234015 )
( 3.490450, 0.949059, -0.235032 )
( 3.504986, 0.900000, -0.240167 )
( 3.490453, 0.850948, -0.250675 )
( 3.403219, 0.675338, -0.404803 )
( 3.381257, 0.661308, -0.413773 )
( 3.393871, 0.639494, -0.441982 )
( 3.330278, 0.480694, -0.598387 )
( 3.325252, 0.458114, -0.619735 )
( 3.326098, 0.435281, -0.643089 )
( 3.332270, 0.414291, -0.666610 )
( 3.490450, 0.049055, -1.072674 )
( 3.504985, 0.000000, -1.090426 )
( 3.490447, -0.049063, -1.100661 )
( 3.472674, -0.069106, -1.103357 )
( 3.449535, -0.083140, -1.103242 )
( 3.423525, -0.089643, -1.101514 )
( 2.858437, -0.041778, -0.984665 )
( 2.454460, -0.006475, -0.902464 )
( 2.139874, 0.021695, -0.838473 )
( 1.735722, 0.058883, -0.756791 )
( 1.146642, 0.115929, -0.640664 )
( 0.917567, 0.131168, -0.593523 )
( 0.841708, 0.135806, -0.580674 )
( 0.782546, 0.139872, -0.572869 )
( 0.722228, 0.151470, -0.580450 )
( 0.169857, 0.277418, -0.572065 )
( -0.055507, 0.348793, -0.516919 )
( -0.104673, 0.358665, -0.502808 )
( -0.165808, 0.362499, -0.496737 )
( -0.208500, 0.363963, -0.493857 )
( -0.268165, 0.365386, -0.490525 )
( -0.323510, 0.363589, -0.491804 )
( -0.384088, 0.358305, -0.496991 )
( -0.435837, 0.346773, -0.505052 )
( -0.672047, 0.293334, -0.542110 )
( -0.728408, 0.277098, -0.551866 )
( -0.842373, 0.245628, -0.571358 )
( -0.897758, 0.223720, -0.579368 )
( -0.953153, 0.200001, -0.585793 )
( -1.009297, 0.175926, -0.592260 )
( -1.345864, 0.017352, -0.607730 )
( -1.716329, -0.154233, -0.622284 )
( -3.396831, -0.988216, -0.674482 )
( -3.423640, -0.989632, -0.673727 )
( -3.449603, -0.983112, -0.672468 )
( -3.472524, -0.969231, -0.671028 )
( -3.490439, -0.949075, -0.670522 )
( -3.504986, -0.900000, -0.669879 )
( -3.490444, -0.850933, -0.666607 )
( -3.327827, -0.472853, -0.584829 )
( -3.315584, -0.386543, -0.572066 )
( -3.245627, -0.003419, -0.503366 )
( -3.172887, 0.363300, -0.427789 )
( -3.051981, 0.814247, -0.275973 )
( -3.080162, 0.843042, -0.284291 )
( -3.116849, 0.860627, -0.300173 )
( -3.246125, 0.891714, -0.368611 )
( -3.392036, 0.705822, -0.420203 )
( -3.399027, 0.662914, -0.425418 )
( -3.394150, 0.619935, -0.425006 )
( -3.333111, 0.487615, -0.408826 )
( -3.324880, 0.449921, -0.400425 )
( -3.327359, -0.020979, -0.204907 )
( -3.335997, -0.043335, -0.186658 )
( -3.348740, -0.061046, -0.162194 )
( -3.365353, -0.075166, -0.137584 )
( -3.385892, -0.085232, -0.106433 )
( -3.405721, -0.089570, -0.076464 )
( -3.425921, -0.089371, -0.046661 )
( -3.446796, -0.084219, -0.017327 )
( -3.466001, -0.074165, 0.008199 )
( -3.482853, -0.059128, 0.029392 )
( -3.499268, -0.031572, 0.044730 )
( -3.504986, -0.000000, 0.058618 )
( -3.500353, 0.028512, 0.060547 )
( -3.485939, 0.055387, 0.062416 )
( -3.464257, 0.075344, 0.061246 )
( -3.440017, 0.086489, 0.056096 )
( -3.413569, 0.090043, 0.049831 )
( -2.916403, 0.063243, -0.078459 )
( -2.662533, 0.058312, -0.148247 )
( -2.372990, 0.063911, -0.235599 )
( -2.246902, 0.076533, -0.268030 )
( -1.913268, 0.104990, -0.368360 )
( -1.715817, 0.130032, -0.425601 )
( -1.536727, 0.155414, -0.475688 )
( -1.295176, 0.186972, -0.545532 )
( -1.139466, 0.164008, -0.592962 )
( -1.095083, 0.166023, -0.601081 )
( -1.050294, 0.177369, -0.602400 )
( -0.998908, 0.201906, -0.594685 )
( -0.824621, 0.261965, -0.559828 )
( -0.734535, 0.284875, -0.538971 )
( -0.650987, 0.284425, -0.523621 )
( -0.535053, 0.277350, -0.508398 )
( -0.327255, 0.273160, -0.510873 )
( -0.146926, 0.267840, -0.515024 )
( 0.090620, 0.255175, -0.519264 )
( 0.240122, 0.244458, -0.520110 )
( 0.419247, 0.237479, -0.527610 )
( 0.478021, 0.234504, -0.532566 )
( 0.535755, 0.221684, -0.541454 )
( 0.593623, 0.208833, -0.550364 )
( 0.650373, 0.193522, -0.560942 )
( 0.706300, 0.177267, -0.571183 )
( 0.783319, 0.151680, -0.586222 )
( 0.836990, 0.133751, -0.596501 )
( 0.886727, 0.112181, -0.594800 )
( 0.937126, 0.114950, -0.580377 )
( 1.211452, 0.109241, -0.514543 )
( 1.473117, 0.073041, -0.467985 )
( 1.651161, 0.054837, -0.432904 )
( 1.773026, 0.044168, -0.408628 )
( 2.092948, 0.037127, -0.326199 )
( 2.220881, 0.035294, -0.296388 )
( 2.514188, 0.039240, -0.208413 )
( 2.766611, 0.044978, -0.134169 )
( 3.046734, 0.056094, -0.045400 )
( 3.415133, 0.090053, 0.060724 )
( 3.441673, 0.085991, 0.067880 )
( 3.466032, 0.074152, 0.073961 )
( 3.486906, 0.054125, 0.069693 )
( 3.500354, 0.028512, 0.065868 )
( 3.504986, -0.000000, 0.064940 )
( 3.500353, -0.028515, 0.062775 )
( 3.488149, -0.052427, 0.049998 )
( 3.469450, -0.071673, 0.036203 )
( 3.448667, -0.083490, 0.015125 )
( 3.426027, -0.089360, -0.009562 )
( 3.403402, -0.089304, -0.036016 )
( 3.381059, -0.083431, -0.063457 )
( 3.361970, -0.072823, -0.088374 )
( 3.345487, -0.057322, -0.112147 )
( 3.333078, -0.037532, -0.133624 )
( 3.325866, -0.013280, -0.149950 )
( 3.325976, 0.464003, -0.360765 )
( 3.390380, 0.610195, -0.408830 )
( 3.398361, 0.639210, -0.416318 )
( 3.401175, 0.669393, -0.423232 )
( 3.386831, 0.694447, -0.418878 )
( 3.287223, 0.877072, -0.395429 )
( 3.141755, 0.902218, -0.290802 )
( 3.108664, 0.904982, -0.269067 )
( 3.083743, 0.888785, -0.247297 )
( 3.155789, 0.481374, -0.359603 )
( 3.210888, 0.128091, -0.445980 )
( 3.305458, -0.367209, -0.557986 )
( 3.329667, -0.478972, -0.576929 )
( 3.490443, -0.850931, -0.665814 )
( 3.504986, -0.900000, -0.666949 )
( 3.490439, -0.949076, -0.666224 )
( 3.472603, -0.969165, -0.666451 )
( 3.449752, -0.983050, -0.667770 )
( 3.423800, -0.989616, -0.670322 )
( 3.396918, -0.988233, -0.671865 )
( 1.744883, -0.283966, -0.620270 )
( 1.228261, -0.056330, -0.606473 )
( 0.844074, 0.112984, -0.600001 )
( 0.766023, 0.145217, -0.594186 )
( 0.711017, 0.167933, -0.587651 )
( 0.670341, 0.181487, -0.581403 )
( 0.611781, 0.200209, -0.572216 )
( 0.525022, 0.226723, -0.556481 )
( 0.468171, 0.244085, -0.546177 )
( 0.409759, 0.260010, -0.538677 )
( 0.054201, 0.349550, -0.492508 )
( 0.001709, 0.363555, -0.486759 )
( -0.056640, 0.368678, -0.489545 )
( -0.163560, 0.377553, -0.494563 )
( -0.224302, 0.378281, -0.500685 )
( -0.281699, 0.368401, -0.512535 )
( -0.330340, 0.359508, -0.522546 )
( -0.385857, 0.345670, -0.528800 )
( -0.843566, 0.228018, -0.572586 )
( -0.902746, 0.212144, -0.568574 )
( -0.958145, 0.201219, -0.569680 )
( -1.017190, 0.193349, -0.582151 )
( -1.074200, 0.185876, -0.594252 )
( -1.131923, 0.180796, -0.606910 )
( -1.669396, 0.121509, -0.722559 )
( -2.276905, 0.055981, -0.867742 )
( -2.679907, 0.009065, -0.961695 )
( -3.423358, -0.089659, -1.133411 )
( -3.449309, -0.083234, -1.135046 )
( -3.472432, -0.069307, -1.135475 )
( -3.490438, -0.049078, -1.132915 )
( -3.504985, 0.000000, -1.122080 )
( -3.490436, 0.049077, -1.102861 )
( -3.329778, 0.420728, -0.655202 )
( -3.325209, 0.442383, -0.630743 )
( -3.326245, 0.465584, -0.609222 )
( -3.376660, 0.634565, -0.442348 )
( -3.390570, 0.665949, -0.412978 )
( -3.490456, 0.850952, -0.245254 )
( -3.504986, 0.900000, -0.238539 )
( -3.490449, 0.949060, -0.236802 )
( -3.472761, 0.969033, -0.239923 )
( -3.450067, 0.982917, -0.245167 )
( -3.418979, 0.989962, -0.252026 )
( -3.387384, 0.985736, -0.258884 )
( -3.148398, 0.860136, -0.292000 )
( -3.105301, 0.838710, -0.298131 )
( -3.058612, 0.832390, -0.300353 )
( -2.062905, 0.641614, -0.380963 )
( -1.507338, 0.548451, -0.421095 )
( -0.909660, 0.454996, -0.468504 )