-0.995640
0.000000
-1.895640
( -0.813009, -0.038846, -0.572370 )
( -0.447999, -0.145359, -0.584166 )
( -0.393761, -0.158574, -0.573895 )
( -0.338380, -0.164337, -0.552402 )
( -0.281306, -0.169942, -0.529550 )
( -0.223331, -0.178722, -0.512884 )
( -0.193100, -0.185937, -0.505922 )
( -0.135123, -0.197180, -0.497522 )
( -0.075384, -0.208455, -0.495965 )
( -0.016681, -0.216026, -0.502814 )
( 0.063677, -0.221929, -0.514537 )
( 0.116676, -0.223044, -0.522467 )
( 0.173640, -0.219046, -0.533441 )
( 0.496389, -0.144089, -0.534064 )
( 0.542083, -0.125645, -0.528203 )
( 0.593848, -0.104754, -0.521590 )
( 0.644333, -0.084160, -0.514957 )
( 0.695539, -0.063171, -0.507924 )
( 0.810211, -0.018391, -0.494192 )
( 1.012653, 0.076627, -0.475024 )
( 1.049022, 0.092557, -0.470285 )
( 1.291051, 0.430797, -0.213095 )
( 1.322664, 0.465136, -0.189127 )
( 1.356913, 0.501796, -0.163881 )
( 1.393231, 0.537375, -0.141249 )
( 1.427841, 0.573997, -0.118935 )
( 1.460552, 0.611716, -0.097194 )
( 1.492136, 0.649923, -0.076800 )
( 1.522101, 0.688771, -0.056946 )
( 1.541378, 0.712759, -0.047335 )
( 1.560104, 0.736680, -0.038421 )
( 1.579537, 0.759535, -0.032064 )
( 1.601883, 0.787148, -0.023204 )
( 1.712775, 0.972536, 0.095242 )
( 1.896629, 0.990048, 0.116540 )
( 1.950344, 0.984362, 0.120025 )
( 1.981063, 0.928505, 0.121047 )
( 1.985694, 0.900000, 0.121047 )
( 1.981059, 0.871481, 0.121050 )
( 1.943603, 0.753056, 0.116693 )
( 1.736504, 0.632093, 0.128291 )
( 1.926241, 0.084493, -0.696203 )
( 1.951058, 0.070983, -0.696798 )
( 1.971157, 0.049059, -0.697451 )
( 1.985693, 0.000000, -0.698416 )
( 1.971163, -0.049050, -0.699181 )
( 1.953212, -0.069247, -0.698533 )
( 1.930304, -0.083115, -0.696556 )
( 1.904104, -0.088651, -0.693214 )
( 1.592731, -0.114339, -0.653719 )
( 1.199604, -0.102153, -0.597989 )
( 1.155300, -0.106959, -0.590899 )
( 1.047949, -0.110907, -0.578782 )
( 0.936502, -0.109324, -0.565195 )
( 0.868412, -0.113577, -0.546106 )
( 0.808279, -0.113529, -0.543128 )
( 0.719056, -0.109633, -0.530697 )
( 0.668608, -0.109163, -0.521403 )
( 0.601125, -0.119626, -0.511714 )
( 0.545615, -0.124847, -0.504323 )
( 0.483888, -0.130692, -0.496121 )
( 0.426230, -0.140289, -0.489621 )
( 0.376524, -0.148490, -0.483961 )
( 0.319358, -0.161791, -0.478283 )
( 0.262523, -0.175018, -0.472637 )
( 0.179127, -0.195343, -0.473118 )
( 0.114372, -0.207704, -0.478415 )
( 0.056968, -0.221343, -0.483246 )
( -0.000521, -0.225311, -0.489329 )
( -0.059818, -0.227439, -0.495808 )
( -0.115427, -0.215758, -0.505798 )
( -0.168050, -0.192462, -0.517870 )
( -0.217771, -0.165626, -0.530755 )
( -0.265308, -0.151762, -0.542536 )
( -0.316069, -0.144236, -0.551718 )
( -0.368571, -0.141448, -0.560288 )
( -0.402676, -0.159540, -0.555869 )
( -0.433744, -0.183101, -0.551141 )
( -1.089527, -0.804267, -0.365258 )
( -1.196395, -0.858163, -0.350833 )
( -1.270027, -0.883271, -0.344256 )
( -1.642604, -1.018745, -0.320369 )
( -1.930425, -0.983064, -0.296683 )
( -1.953288, -0.969183, -0.295097 )
( -1.971157, -0.949059, -0.294538 )
( -1.985693, -0.900000, -0.294412 )
( -1.971155, -0.850938, -0.294282 )
( -1.951760, -0.829571, -0.293968 )
( -1.926603, -0.815437, -0.293654 )
( -1.826885, -0.781712, -0.294337 )
( -1.779822, -0.727696, -0.308235 )
( -1.588401, -0.509209, -0.350091 )
( -1.564527, -0.488455, -0.350374 )
( -1.410016, -0.049830, -0.287620 )
( -1.363288, 0.177595, -0.245292 )
( -1.365976, 0.414629, -0.190217 )
( -1.374922, 0.443739, -0.184402 )
( -1.414993, 0.511405, -0.171131 )
( -1.442744, 0.557900, -0.161981 )
( -1.471495, 0.603384, -0.152869 )
( -1.503120, 0.646216, -0.143969 )
( -1.538133, 0.684769, -0.135552 )
( -1.573582, 0.720697, -0.127541 )
( -1.605201, 0.729983, -0.124910 )
( -1.666931, 0.746018, -0.119405 )
( -1.719270, 0.762184, -0.113680 )
( -1.913029, 0.811641, -0.092750 )
( -1.953823, 0.827038, -0.087876 )
( -1.971116, 0.850877, -0.087129 )
( -1.985693, 0.900000, -0.085592 )
( -1.971161, 0.949053, -0.084086 )
( -1.953404, 0.969086, -0.083700 )
( -1.922186, 0.986052, -0.085080 )
( -1.886835, 0.989622, -0.086459 )
( -1.860936, 0.983098, -0.091418 )
( -1.548693, 0.806784, -0.168569 )
( -1.511392, 0.767514, -0.184120 )
( -1.491791, 0.742293, -0.190809 )
( -1.453547, 0.696315, -0.205613 )
( -1.157681, 0.304425, -0.347598 )
( -0.973115, 0.097347, -0.421125 )
( -0.847501, -0.056000, -0.478854 )
( -0.821270, -0.068503, -0.484152 )
( -0.770107, -0.092794, -0.494170 )
( -0.709192, -0.110663, -0.507278 )
( -0.652088, -0.126606, -0.518058 )
( -0.572802, -0.138269, -0.532695 )
( -0.514814, -0.142917, -0.535181 )
( -0.456750, -0.145757, -0.537842 )
( -0.367357, -0.148202, -0.534499 )
( -0.308746, -0.150085, -0.528830 )
( -0.249699, -0.152968, -0.522548 )
( -0.190291, -0.156412, -0.517309 )
( -0.130575, -0.160035, -0.513539 )
( -0.069293, -0.164055, -0.510498 )
( 0.023776, -0.169894, -0.506080 )
( 0.105561, -0.175780, -0.503201 )
( 0.162539, -0.178937, -0.499978 )
( 0.254336, -0.179513, -0.493725 )
( 0.313849, -0.175078, -0.489187 )
( 0.371776, -0.165329, -0.483830 )
( 0.428356, -0.153079, -0.478447 )
( 0.484937, -0.137406, -0.470211 )
( 0.541366, -0.120961, -0.462017 )
( 0.585151, -0.090854, -0.449713 )
( 0.628337, -0.063415, -0.439978 )
( 0.670440, -0.034124, -0.432651 )
( 0.721263, -0.000868, -0.425979 )
( 0.844012, 0.112263, -0.389575 )
( 1.156870, 0.433684, -0.288537 )
( 1.349105, 0.608593, -0.227178 )
( 1.467978, 0.738042, -0.184374 )
( 1.503697, 0.769626, -0.176655 )
( 1.556205, 0.819331, -0.163878 )
( 1.861066, 0.983152, -0.096210 )
( 1.887059, 0.989644, -0.091387 )
( 1.922309, 0.986014, -0.088396 )
( 1.953430, 0.969065, -0.085405 )
( 1.971176, 0.949031, -0.083631 )
( 1.985693, 0.900000, -0.082248 )
( 1.971089, 0.850836, -0.080957 )
( 1.953530, 0.826857, -0.079749 )
( 1.910234, 0.811137, -0.081943 )
( 1.717291, 0.764839, -0.092198 )
( 1.656816, 0.750678, -0.094893 )
( 1.593501, 0.739172, -0.096474 )
( 1.568296, 0.733899, -0.096460 )
( 1.526911, 0.702276, -0.105844 )
( 1.484792, 0.669434, -0.115267 )
( 1.444457, 0.633330, -0.125375 )
( 1.407007, 0.594004, -0.136220 )
( 1.372601, 0.551880, -0.148010 )
( 1.336859, 0.501567, -0.162917 )
( 1.312985, 0.467413, -0.173457 )
( 1.310214, 0.416600, -0.186090 )
( 1.286484, 0.043668, -0.285322 )
( 1.351272, -0.173208, -0.330810 )
( 1.460764, -0.414161, -0.374599 )
( 1.490145, -0.440057, -0.375163 )
( 1.700859, -0.724446, -0.305890 )
( 1.916253, -0.812337, -0.294551 )
( 1.943980, -0.824021, -0.293943 )
( 1.971148, -0.850928, -0.293135 )
( 1.985693, -0.900000, -0.292962 )
( 1.971149, -0.949071, -0.292787 )
( 1.953405, -0.969086, -0.294517 )
( 1.930555, -0.983010, -0.297354 )
( 1.781510, -1.009464, -0.315130 )
( 1.415928, -0.857164, -0.346041 )
( 1.344168, -0.825518, -0.350987 )
( 0.678496, -0.497245, -0.440765 )
( 0.444263, -0.397878, -0.460936 )
( 0.284506, -0.315520, -0.478587 )
( 0.196526, -0.271470, -0.488685 )
( 0.143376, -0.246615, -0.494523 )
( 0.089426, -0.224091, -0.498968 )
( 0.037571, -0.206089, -0.500877 )
( -0.012970, -0.199380, -0.512061 )
( -0.125727, -0.189612, -0.531488 )
( -0.188677, -0.186401, -0.537392 )
( -0.247463, -0.183075, -0.544810 )
( -0.305967, -0.181656, -0.543026 )
( -0.365034, -0.179551, -0.541469 )
( -0.426180, -0.174329, -0.537665 )
( -0.479910, -0.159879, -0.528203 )
( -0.530482, -0.145993, -0.519891 )
( -0.613314, -0.122084, -0.510379 )
( -0.670257, -0.104569, -0.510153 )
( -0.728817, -0.089261, -0.509758 )
( -0.786359, -0.079054, -0.507322 )
( -0.864835, -0.069013, -0.530181 )
( -1.000515, -0.072248, -0.567172 )
( -1.147943, -0.073786, -0.593199 )
( -1.277170, -0.072015, -0.613115 )
( -1.667608, -0.096276, -0.682544 )
( -1.904362, -0.089630, -0.719563 )
( -1.930282, -0.083124, -0.723285 )
( -1.953316, -0.069161, -0.725855 )
( -1.971159, -0.049056, -0.727185 )
( -1.985693, 0.000000, -0.726949 )
( -1.971141, 0.049084, -0.726543 )
( -1.951163, 0.070900, -0.726190 )
( -1.926460, 0.084614, -0.726181 )
( -1.705603, 0.615352, 0.095165 )
( -1.735256, 0.670232, 0.158656 )
( -1.948372, 0.774567, 0.122223 )
( -1.981068, 0.871509, 0.117930 )
( -1.985694, 0.900000, 0.117926 )
( -1.981061, 0.928511, 0.117929 )
( -1.941975, 1.004260, 0.109520 )
( -1.704420, 0.986867, 0.079848 )
( -1.604907, 0.757218, -0.061980 )
( -1.589009, 0.731772, -0.068148 )
( -1.573736, 0.705194, -0.076498 )
( -1.557253, 0.678815, -0.085154 )
( -1.539372, 0.652154, -0.095197 )
( -1.511386, 0.613452, -0.113400 )
( -1.480932, 0.575950, -0.133618 )
( -1.450404, 0.538651, -0.157203 )
( -1.423254, 0.500054, -0.185169 )
( -1.257929, 0.233446, -0.385713 )
( -1.103164, 0.061628, -0.533677 )
( -1.071263, 0.056068, -0.538339 )
( -0.926152, 0.011173, -0.557500 )
( -0.831255, -0.030829, -0.570599 )