-1.601429
0.000000
-2.501429
( -0.474400, 0.495727, -0.029929 )
( 0.269458, 0.495436, -0.017636 )
( 1.094305, 0.482605, -0.000861 )
( 1.155936, 0.478446, 0.004383 )
( 1.197498, 0.470982, 0.007640 )
( 1.251359, 0.456635, 0.009516 )
( 2.536131, 0.083099, -0.026424 )
( 2.559062, 0.069195, -0.026406 )
( 2.576925, 0.049091, -0.027064 )
( 2.591481, -0.000000, -0.028670 )
( 2.576944, -0.049062, -0.030276 )
( 2.558257, -0.069858, -0.030777 )
( 2.533949, -0.083977, -0.032121 )
( 2.506472, -0.089912, -0.033425 )
( 2.478813, -0.087168, -0.031405 )
( 2.453463, -0.076217, -0.026757 )
( 2.432157, -0.057542, -0.026048 )
( 2.417707, -0.033171, -0.023732 )
( 2.411638, -0.006870, -0.017036 )
( 2.411524, 0.087085, 0.018238 )
( 2.411441, 0.453423, 0.155931 )
( 2.416139, 0.478902, 0.164876 )
( 2.586846, 0.871479, 0.232543 )
( 2.591482, 0.900000, 0.233789 )
( 2.586851, 0.928509, 0.233808 )
( 2.565499, 0.963282, 0.235891 )
( 2.530993, 0.985062, 0.238158 )
( 2.492959, 0.989655, 0.237664 )
( 2.085610, 0.934375, 0.216087 )
( 1.224106, 0.826366, 0.169539 )
( 0.759047, 0.770431, 0.144222 )
( 0.026703, 0.658966, 0.094689 )
( -0.031938, 0.649683, 0.089997 )
( -0.597911, 0.490015, -0.012494 )
( -0.608389, 0.468855, -0.032154 )
( -0.645606, 0.472725, -0.037637 )
( -0.670340, 0.475180, -0.040892 )
( -0.684000, 0.489311, -0.029294 )
( -1.368535, 0.657928, 0.035124 )
( -1.935719, 0.736256, 0.037949 )
( -2.532508, 0.815480, 0.039767 )
( -2.557559, 0.829580, 0.041392 )
( -2.576937, 0.850928, 0.041960 )
( -2.591481, 0.900000, 0.042404 )
( -2.576931, 0.949081, 0.042846 )
( -2.559150, 0.969123, 0.042554 )
( -2.536240, 0.983053, 0.043680 )
( -2.510076, 0.989638, 0.043839 )
( -1.818204, 0.997091, 0.046708 )
( -0.981428, 0.998821, 0.046704 )
( 0.059129, 0.993665, 0.044655 )
( 0.792887, 0.992815, 0.044368 )
( 1.238265, 0.992543, 0.043551 )
( 2.510215, 0.989624, 0.033571 )
( 2.536198, 0.983071, 0.032922 )
( 2.559097, 0.969167, 0.032118 )
( 2.576933, 0.949078, 0.032367 )
( 2.591481, 0.900000, 0.032797 )
( 2.576938, 0.850929, 0.033188 )
( 2.558439, 0.830290, 0.031471 )
( 2.534537, 0.816253, 0.029760 )
( 1.988345, 0.711746, 0.027091 )
( 1.210543, 0.471537, -0.006056 )
( 1.165007, 0.458621, -0.011124 )
( 1.126493, 0.467626, 0.009375 )
( 1.067842, 0.479641, 0.015657 )
( 0.365921, 0.608716, 0.085865 )
( 0.057933, 0.642846, 0.103546 )
( -0.001144, 0.649327, 0.107069 )
( -0.060014, 0.655822, 0.110046 )
( -0.684032, 0.733138, 0.144672 )
( -1.608358, 0.854652, 0.188884 )
( -2.504558, 0.989999, 0.248867 )
( -2.538908, 0.981884, 0.248599 )
( -2.568424, 0.960177, 0.246012 )
( -2.586851, 0.928508, 0.243445 )
( -2.591482, 0.900000, 0.243445 )
( -2.586847, 0.871480, 0.242748 )
( -2.415336, 0.476414, 0.181302 )
( -2.411377, 0.450193, 0.170439 )
( -2.411347, 0.258264, 0.087378 )
( -2.411521, -0.005102, -0.026686 )
( -2.417042, -0.031440, -0.036154 )
( -2.430000, -0.054842, -0.042865 )
( -2.453386, -0.076168, -0.046825 )
( -2.482707, -0.088086, -0.050785 )
( -2.522617, -0.087525, -0.051065 )
( -2.558365, -0.069770, -0.051210 )
( -2.576944, -0.049062, -0.050836 )
( -2.591481, -0.000000, -0.050230 )
( -2.576925, 0.049091, -0.049627 )
( -2.558894, 0.069335, -0.049515 )
( -2.535844, 0.083218, -0.049368 )
( -2.509671, 0.089676, -0.049406 )
( -1.731860, 0.258208, -0.040355 )
( -0.713145, 0.465860, -0.023765 )
( -0.675723, 0.473368, -0.022905 )
( -0.642247, 0.483495, -0.026735 )
( -0.611335, 0.490470, -0.030389 )
( -0.578422, 0.493576, -0.032101 )
( -0.495156, 0.493711, -0.030776 )