-1.262857
0.000000
-2.162857
( -0.338606, 0.072401, 0.010502 )
( 0.072033, 0.072068, 0.012286 )
( 0.825366, 0.077409, 0.014751 )
( 1.475960, 0.086523, 0.016597 )
( 2.044880, 0.085676, 0.018868 )
( 2.076159, 0.088587, 0.018835 )
( 2.170666, 0.089715, 0.019547 )
( 2.196981, 0.083338, 0.019381 )
( 2.220454, 0.069226, 0.020046 )
( 2.238356, 0.049087, 0.021147 )
( 2.252910, -0.000000, 0.023636 )
( 2.238358, -0.049084, 0.026126 )
( 2.208090, -0.077869, 0.026967 )
( 2.168092, -0.089901, 0.027380 )
( 1.715079, -0.166712, 0.012076 )
( 1.323359, -0.232196, -0.001489 )
( 0.766365, -0.324425, -0.021651 )
( 0.033639, -0.446113, -0.050565 )
( -0.023970, -0.454953, -0.052313 )
( -0.815480, -0.588503, -0.071174 )
( -1.489766, -0.699335, -0.088409 )
( -2.060174, -0.794617, -0.102604 )
( -2.091212, -0.799457, -0.104598 )
( -2.197589, -0.816914, -0.112320 )
( -2.220469, -0.830787, -0.113976 )
( -2.238357, -0.850914, -0.113968 )
( -2.252910, -0.900000, -0.114036 )
( -2.238369, -0.949068, -0.114101 )
( -2.214565, -0.973729, -0.116141 )
( -2.183270, -0.987709, -0.118180 )
( -2.155556, -0.989757, -0.121254 )
( -2.126674, -0.982465, -0.124760 )
( -2.103465, -0.967692, -0.126339 )
( -2.085689, -0.946420, -0.125571 )
( -2.073768, -0.913145, -0.125905 )
( -2.073018, -0.893787, -0.125549 )
( -2.072511, -0.798973, -0.118849 )
( -2.072604, -0.767695, -0.115432 )
( -2.072622, -0.497661, -0.084836 )
( -2.072432, 0.080282, -0.015895 )
( -2.072356, 0.110402, -0.010351 )
( -2.073048, 0.456625, 0.056207 )
( -2.087747, 0.499679, 0.061478 )
( -2.248274, 0.871475, 0.085621 )
( -2.252911, 0.900000, 0.085769 )
( -2.247736, 0.930086, 0.085401 )
( -2.232808, 0.956715, 0.085056 )
( -2.204878, 0.979648, 0.086870 )
( -2.175486, 0.989164, 0.087703 )
( -2.008932, 0.996131, 0.073315 )
( -1.280146, 1.023820, 0.016131 )
( -0.861128, 1.025697, -0.010613 )
( -0.157716, 1.009060, -0.038442 )
( 0.827915, 0.980961, -0.020669 )
( 1.419418, 0.977047, 0.015235 )
( 1.843320, 0.981641, 0.048599 )
( 2.165061, 0.990027, 0.078519 )
( 2.194722, 0.984227, 0.076042 )
( 2.227784, 0.962403, 0.075069 )
( 2.248281, 0.928503, 0.074096 )
( 2.252911, 0.900000, 0.074108 )
( 2.248274, 0.871476, 0.074016 )
( 2.087627, 0.499498, 0.062473 )
( 2.073100, 0.457294, 0.059185 )
( 2.072251, 0.092766, 0.003344 )
( 2.072371, 0.062340, -0.001082 )
( 2.073075, -0.448788, -0.075885 )
( 2.072999, -0.773630, -0.123175 )
( 2.072772, -0.804899, -0.126953 )
( 2.073220, -0.891353, -0.135879 )
( 2.074990, -0.919724, -0.137386 )
( 2.085648, -0.946352, -0.138343 )
( 2.103670, -0.967872, -0.138540 )
( 2.126931, -0.982577, -0.136380 )
( 2.153449, -0.989561, -0.132937 )
( 2.180433, -0.988322, -0.129417 )
( 2.213370, -0.974552, -0.126638 )
( 2.238368, -0.949068, -0.123859 )
( 2.252910, -0.900000, -0.122362 )
( 2.238356, -0.850913, -0.120863 )
( 2.220317, -0.830660, -0.120398 )
( 2.196728, -0.816559, -0.118595 )
( 2.102131, -0.801373, -0.112677 )
( 2.071201, -0.796459, -0.110976 )
( 1.197149, -0.653371, -0.077741 )
( 0.748287, -0.579988, -0.061110 )
( -0.000304, -0.454579, -0.036487 )
( -0.058501, -0.445251, -0.034859 )
( -0.602558, -0.353877, -0.024458 )
( -1.376690, -0.222885, -0.014514 )
( -2.196147, -0.083675, -0.004905 )
( -2.220455, -0.069226, -0.004843 )
( -2.238358, -0.049084, -0.004867 )
( -2.252910, -0.000000, -0.004176 )
( -2.238359, 0.049083, -0.003487 )
( -2.220077, 0.069538, -0.003215 )
( -2.196644, 0.083475, -0.003012 )
( -2.170597, 0.089721, -0.003020 )
( -2.084833, 0.087619, -0.000223 )
( -2.053380, 0.085395, 0.000067 )
( -1.231173, 0.080978, 0.005172 )
( -0.359063, 0.073364, 0.009135 )