-1.138571
0.000000
-2.038571
( -0.328588, 0.077619, -0.045747 )
( 0.383627, 0.079545, -0.041418 )
( 1.344475, 0.078506, -0.035740 )
( 2.046855, 0.089672, -0.026781 )
( 2.072880, 0.083262, -0.026352 )
( 2.095946, 0.069410, -0.026419 )
( 2.114068, 0.049091, -0.027064 )
( 2.128624, -0.000000, -0.028670 )
( 2.114087, -0.049062, -0.030276 )
( 2.095142, -0.070068, -0.030728 )
( 2.070937, -0.084037, -0.032032 )
( 2.043614, -0.089912, -0.033291 )
( 2.016826, -0.087389, -0.031179 )
( 1.991889, -0.077009, -0.026586 )
( 1.968607, -0.056698, -0.027828 )
( 1.953561, -0.029712, -0.028183 )
( 1.948582, -0.003396, -0.022670 )
( 1.948520, 0.449607, 0.159231 )
( 1.959337, 0.492796, 0.170268 )
( 2.005479, 0.598864, 0.187924 )
( 2.123989, 0.871479, 0.233109 )
( 2.128625, 0.900000, 0.233810 )
( 2.123993, 0.928509, 0.233811 )
( 2.094730, 0.970398, 0.233826 )
( 2.071367, 0.983870, 0.234787 )
( 2.044801, 0.989838, 0.236649 )
( 1.997217, 0.979997, 0.234824 )
( 1.185405, 0.634840, 0.155222 )
( 0.857915, 0.488592, 0.121187 )
( 0.415496, 0.291457, 0.074932 )
( -0.039861, 0.099208, 0.028701 )
( -0.077263, 0.082497, 0.024775 )
( -0.511016, -0.116297, -0.018042 )
( -0.862877, -0.273748, -0.050750 )
( -1.340827, -0.485477, -0.093946 )
( -1.914353, -0.758072, -0.155745 )
( -1.952122, -0.767451, -0.158696 )
( -2.096314, -0.830896, -0.183937 )
( -2.114081, -0.850929, -0.184457 )
( -2.128624, -0.900000, -0.182593 )
( -2.114086, -0.949064, -0.180728 )
( -2.092865, -0.971846, -0.179793 )
( -2.065155, -0.986041, -0.178857 )
( -2.038543, -0.990054, -0.178929 )
( -1.988592, -0.974911, -0.179675 )
( -1.966108, -0.953467, -0.179858 )
( -1.955829, -0.935545, -0.179915 )
( -1.948642, -0.904725, -0.179049 )
( -1.946458, -0.790277, -0.176797 )
( -1.945430, -0.748344, -0.171401 )
( -1.944904, -0.451800, -0.136232 )
( -1.938555, 0.070234, -0.074911 )
( -1.949496, 0.463235, -0.023065 )
( -1.957462, 0.489127, -0.019039 )
( -2.114080, 0.850929, 0.041853 )
( -2.128624, 0.900000, 0.042404 )
( -2.114074, 0.949081, 0.042846 )
( -2.096247, 0.969161, 0.042627 )
( -2.073388, 0.983051, 0.044268 )
( -2.047313, 0.989628, 0.045726 )
( -1.552634, 0.975584, 0.032927 )
( -0.755717, 0.949930, 0.018416 )
( -0.281628, 0.941509, 0.013293 )
( 0.235618, 0.944770, 0.011433 )
( 0.934650, 0.964244, 0.015416 )
( 1.358860, 0.976222, 0.021299 )
( 2.046678, 0.989688, 0.034775 )
( 2.073114, 0.983165, 0.033206 )
( 2.096162, 0.969231, 0.032189 )
( 2.114076, 0.949078, 0.032367 )
( 2.128624, 0.900000, 0.032796 )
( 2.114081, 0.850929, 0.033121 )
( 2.056729, 0.718555, 0.013987 )
( 1.951807, 0.474117, -0.021312 )
( 1.948180, 0.000520, -0.086153 )
( 1.946890, -0.450915, -0.150478 )
( 1.947123, -0.729940, -0.187490 )
( 1.947182, -0.770305, -0.193283 )
( 1.947502, -0.802945, -0.196295 )
( 1.948806, -0.892802, -0.202845 )
( 1.951254, -0.922030, -0.204908 )
( 1.962964, -0.948920, -0.206971 )
( 1.984138, -0.971740, -0.208256 )
( 2.011817, -0.985988, -0.209541 )
( 2.038486, -0.990054, -0.210455 )
( 2.065100, -0.986058, -0.209749 )
( 2.092840, -0.971865, -0.208416 )
( 2.114084, -0.949067, -0.207083 )
( 2.128624, -0.900000, -0.203901 )
( 2.114079, -0.850927, -0.200719 )
( 2.096138, -0.830749, -0.198441 )
( 2.072057, -0.817481, -0.194668 )
( 1.971477, -0.781643, -0.179651 )
( 1.933298, -0.772707, -0.177591 )
( 1.369248, -0.526699, -0.113669 )
( 0.763467, -0.281820, -0.050788 )
( 0.356430, -0.107892, -0.005495 )
( -0.025236, 0.071297, 0.037762 )
( -0.063550, 0.088396, 0.042151 )
( -0.102548, 0.106724, 0.046938 )
( -0.689507, 0.355644, 0.107146 )
( -0.995280, 0.497673, 0.139952 )
( -1.823492, 0.896130, 0.225933 )
( -2.013081, 0.986371, 0.245876 )
( -2.039772, 0.990046, 0.245881 )
( -2.080263, 0.979821, 0.244640 )
( -2.111789, 0.952429, 0.243399 )
( -2.123994, 0.928508, 0.243445 )
( -2.128625, 0.900000, 0.243445 )
( -2.123989, 0.871480, 0.243023 )
( -1.998048, 0.582440, 0.183977 )
( -1.954844, 0.483156, 0.163630 )
( -1.948819, 0.457355, 0.157865 )
( -1.948519, -0.000180, -0.028916 )
( -1.962935, -0.048874, -0.036972 )
( -1.998415, -0.080604, -0.046167 )
( -2.023935, -0.088856, -0.050514 )
( -2.061615, -0.087055, -0.050862 )
( -2.095251, -0.069979, -0.051139 )
( -2.114087, -0.049062, -0.050836 )
( -2.128624, -0.000000, -0.050230 )
( -2.114068, 0.049091, -0.049627 )
( -2.096136, 0.069253, -0.049515 )
( -2.073167, 0.083143, -0.049291 )
( -2.047178, 0.089642, -0.049290 )
( -1.554795, 0.081162, -0.050121 )
( -0.900134, 0.076128, -0.048957 )
( -0.348603, 0.077595, -0.045817 )