-1.545714
0.000000
-2.445714
( -0.463442, -0.262840, -0.245790 )
( -0.403890, -0.267993, -0.242137 )
( -0.368051, -0.269090, -0.240047 )
( -0.298861, -0.270376, -0.234547 )
( -0.239567, -0.272311, -0.227589 )
( -0.180008, -0.272479, -0.223020 )
( -0.120668, -0.272654, -0.218562 )
( -0.060861, -0.271725, -0.216266 )
( -0.001005, -0.269687, -0.217604 )
( 0.084869, -0.266337, -0.221419 )
( 0.161193, -0.268729, -0.224660 )
( 0.220299, -0.271623, -0.228783 )
( 0.289655, -0.275055, -0.233677 )
( 0.334945, -0.274375, -0.237715 )
( 0.390808, -0.268488, -0.241013 )
( 0.444656, -0.261431, -0.243583 )
( 0.503486, -0.253730, -0.246370 )
( 1.002323, -0.168129, -0.258468 )
( 1.427425, -0.088514, -0.265503 )
( 2.427808, 0.088256, -0.280349 )
( 2.454550, 0.089619, -0.281002 )
( 2.480532, 0.083051, -0.279885 )
( 2.503408, 0.069146, -0.279989 )
( 2.521227, 0.049065, -0.281154 )
( 2.535767, 0.000000, -0.282800 )
( 2.521231, -0.049060, -0.284449 )
( 2.500688, -0.071327, -0.285193 )
( 2.473925, -0.085521, -0.285936 )
( 2.446930, -0.090045, -0.285492 )
( 2.368270, -0.099365, -0.280663 )
( 1.985466, -0.143049, -0.258504 )
( 1.770272, -0.166796, -0.245928 )
( 1.484505, -0.197008, -0.228626 )
( 1.156248, -0.229818, -0.207401 )
( 0.796041, -0.264998, -0.183218 )
( 0.449308, -0.293180, -0.198997 )
( 0.393028, -0.293774, -0.209297 )
( 0.305695, -0.289819, -0.221889 )
( 0.247504, -0.287349, -0.230397 )
( 0.188613, -0.281277, -0.236509 )
( 0.072193, -0.270071, -0.235313 )
( 0.014236, -0.264279, -0.232573 )
( -0.043775, -0.259164, -0.229075 )
( -0.102165, -0.256634, -0.226557 )
( -0.159310, -0.256875, -0.225776 )
( -0.219237, -0.257265, -0.224370 )
( -0.282533, -0.259337, -0.222001 )
( -0.343598, -0.280320, -0.221591 )
( -0.396736, -0.297788, -0.216466 )
( -0.697171, -0.391796, -0.184167 )
( -1.251391, -0.578015, -0.118457 )
( -1.355287, -0.612943, -0.105905 )
( -2.418671, -0.985897, 0.043547 )
( -2.445196, -0.990052, 0.046683 )
( -2.471666, -0.986233, 0.047580 )
( -2.499741, -0.972047, 0.047712 )
( -2.521224, -0.949071, 0.047844 )
( -2.535767, -0.900000, 0.047578 )
( -2.521229, -0.850938, 0.047193 )
( -2.491429, -0.822413, 0.047824 )
( -2.122956, -0.677248, -0.018533 )
( -1.971166, -0.634946, -0.040104 )
( -1.805624, -0.588622, -0.062800 )
( -1.561161, -0.527252, -0.100962 )
( -1.371529, -0.481888, -0.125558 )
( -1.077383, -0.420121, -0.162222 )
( -0.837898, -0.360744, -0.183955 )
( -0.734124, -0.332303, -0.198134 )
( -0.455050, -0.259973, -0.222163 )
( -0.413890, -0.254280, -0.228270 )
( -0.354568, -0.249708, -0.230503 )
( -0.272452, -0.242736, -0.233429 )
( -0.212662, -0.238077, -0.235239 )
( -0.004863, -0.225856, -0.237897 )
( 0.153017, -0.236609, -0.230715 )
( 0.212647, -0.241844, -0.227521 )
( 0.272442, -0.244864, -0.225740 )
( 0.418957, -0.251139, -0.221822 )
( 0.478139, -0.254144, -0.220055 )
( 0.537467, -0.258323, -0.217557 )
( 0.670383, -0.270265, -0.212342 )
( 0.889073, -0.298178, -0.212523 )
( 1.157269, -0.337342, -0.198590 )
( 1.356193, -0.381096, -0.175529 )
( 1.551414, -0.424481, -0.148858 )
( 1.646668, -0.458025, -0.129054 )
( 1.871953, -0.539078, -0.088323 )
( 2.006565, -0.586483, -0.064792 )
( 2.372378, -0.767818, 0.019333 )
( 2.418136, -0.781676, 0.024342 )
( 2.503720, -0.831117, 0.044736 )
( 2.527364, -0.862014, 0.043343 )
( 2.535768, -0.900000, 0.041460 )
( 2.521230, -0.949061, 0.041206 )
( 2.503422, -0.969134, 0.041435 )
( 2.473285, -0.985729, 0.040530 )
( 2.439123, -0.989812, 0.039625 )
( 2.413107, -0.983943, 0.035944 )
( 1.477440, -0.688861, -0.083422 )
( 1.397195, -0.658245, -0.093787 )
( 0.920259, -0.468750, -0.155823 )
( 0.793459, -0.418046, -0.173348 )
( 0.590843, -0.339452, -0.201730 )
( 0.466772, -0.302040, -0.213579 )
( 0.412033, -0.286238, -0.218666 )
( 0.357559, -0.271779, -0.223055 )
( 0.283137, -0.254912, -0.228631 )
( 0.219201, -0.251449, -0.235284 )
( 0.160259, -0.254596, -0.239504 )
( 0.093295, -0.258164, -0.244299 )
( 0.035166, -0.261162, -0.248307 )
( -0.031960, -0.269960, -0.245871 )
( -0.156039, -0.281354, -0.232333 )
( -0.214388, -0.286867, -0.225718 )
( -0.324166, -0.288362, -0.211635 )
( -0.381126, -0.289066, -0.204342 )
( -0.686272, -0.270038, -0.181420 )
( -0.848786, -0.247979, -0.196197 )
( -1.139772, -0.209778, -0.222808 )
( -1.452341, -0.173117, -0.247999 )
( -1.658808, -0.152102, -0.262544 )
( -1.940219, -0.126644, -0.280162 )
( -2.132036, -0.111307, -0.291189 )
( -2.317089, -0.097899, -0.300844 )
( -2.473408, -0.085689, -0.309862 )
( -2.500473, -0.071492, -0.309633 )
( -2.521231, -0.049060, -0.309398 )
( -2.535767, 0.000000, -0.308959 )
( -2.521218, 0.049079, -0.308525 )
( -2.503260, 0.069269, -0.308129 )
( -2.480296, 0.083149, -0.307779 )
( -2.454299, 0.089644, -0.308373 )
( -2.427540, 0.088201, -0.307364 )
( -1.607209, -0.053000, -0.292930 )
( -1.426927, -0.083532, -0.287153 )
( -1.000815, -0.159340, -0.268141 )
( -0.703721, -0.216611, -0.254064 )
( -0.483335, -0.260511, -0.245508 )