-1.354286
0.000000
-2.254286
( -1.041567, -0.001290, -0.372413 )
( -0.552007, -0.044338, -0.343314 )
( -0.494727, -0.039423, -0.332668 )
( -0.435435, -0.034567, -0.321724 )
( -0.375259, -0.033567, -0.315355 )
( -0.284587, -0.035324, -0.307397 )
( -0.224081, -0.037779, -0.303779 )
( -0.165131, -0.038085, -0.309486 )
( -0.084844, -0.038231, -0.318473 )
( -0.025535, -0.038435, -0.325126 )
( 0.033021, -0.036110, -0.335978 )
( 0.422714, -0.016932, -0.363221 )
( 1.066150, 0.027793, -0.389204 )
( 2.251212, 0.090001, -0.424292 )
( 2.283533, 0.085172, -0.424181 )
( 2.312003, 0.069126, -0.424071 )
( 2.329802, 0.049061, -0.423717 )
( 2.344339, -0.000000, -0.422434 )
( 2.329807, -0.049053, -0.421153 )
( 2.311939, -0.069179, -0.420776 )
( 2.265508, -0.089352, -0.419412 )
( 2.241690, -0.089168, -0.416730 )
( 1.959619, -0.061714, -0.396724 )
( 1.556888, -0.030434, -0.369778 )
( 1.203575, -0.012377, -0.343929 )
( 0.831155, -0.013125, -0.305758 )
( 0.771319, -0.015283, -0.301836 )
( 0.732292, -0.018639, -0.301056 )
( 0.672756, -0.023901, -0.299853 )
( 0.613220, -0.029162, -0.298650 )
( 0.465437, -0.046486, -0.299637 )
( 0.406916, -0.055737, -0.302233 )
( 0.348444, -0.064914, -0.304870 )
( 0.238485, -0.082079, -0.309941 )
( 0.181915, -0.078544, -0.311215 )
( -0.096353, -0.056338, -0.318466 )
( -0.155295, -0.051725, -0.319831 )
( -0.211519, -0.037872, -0.319864 )
( -0.270140, -0.026845, -0.320041 )
( -0.327578, -0.022871, -0.322107 )
( -0.386233, -0.020377, -0.323723 )
( -0.443929, -0.016942, -0.326109 )
( -0.493847, -0.026411, -0.324652 )
( -0.542312, -0.044027, -0.319776 )
( -0.589889, -0.066573, -0.314580 )
( -2.210729, -0.978819, -0.088253 )
( -2.235575, -0.988088, -0.082672 )
( -2.262474, -0.989680, -0.075981 )
( -2.288576, -0.983270, -0.070292 )
( -2.311995, -0.969132, -0.066210 )
( -2.329799, -0.949064, -0.064482 )
( -2.344339, -0.900000, -0.064864 )
( -2.329784, -0.850914, -0.069691 )
( -2.282494, -0.741661, -0.109080 )
( -2.171667, -0.485829, -0.200482 )
( -2.164381, -0.455181, -0.203037 )
( -2.164233, 0.000222, -0.090249 )
( -2.164506, 0.222163, -0.010167 )
( -2.164238, 0.450947, 0.072671 )
( -2.169268, 0.479691, 0.083085 )
( -2.339704, 0.871480, 0.135311 )
( -2.344339, 0.900000, 0.135691 )
( -2.337968, 0.933270, 0.138555 )
( -2.319756, 0.961833, 0.141411 )
( -2.298040, 0.978710, 0.142346 )
( -2.272387, 0.988216, 0.140956 )
( -2.245534, 0.989627, 0.136760 )
( -2.218139, 0.982480, 0.128938 )
( -2.191565, 0.964620, 0.122699 )
( -2.128832, 0.916550, 0.101080 )
( -1.556015, 0.437263, -0.059931 )
( -1.253639, 0.173938, -0.166756 )
( -0.991851, -0.015649, -0.241022 )
( -0.964339, -0.021912, -0.246624 )
( -0.909814, -0.034264, -0.257733 )
( -0.845454, -0.040124, -0.269381 )
( -0.787554, -0.045884, -0.279779 )
( -0.708628, -0.044955, -0.293155 )
( -0.651013, -0.039353, -0.297221 )
( -0.505129, -0.023545, -0.308019 )
( -0.446335, -0.020165, -0.308014 )
( -0.386935, -0.018696, -0.307296 )
( -0.327226, -0.018660, -0.306717 )
( -0.267325, -0.019784, -0.305904 )
( -0.205887, -0.021701, -0.305629 )
( -0.145915, -0.023607, -0.305366 )
( -0.112615, -0.024875, -0.305178 )
( -0.024345, -0.032839, -0.306542 )
( 0.035299, -0.038422, -0.307432 )
( 0.094404, -0.042830, -0.309088 )
( 0.363669, -0.058963, -0.313857 )
( 0.422869, -0.061147, -0.312828 )
( 0.482130, -0.063415, -0.311993 )
( 0.614173, -0.049319, -0.303113 )
( 0.673039, -0.039707, -0.296817 )
( 0.731906, -0.030091, -0.290519 )
( 0.789422, -0.015215, -0.281069 )
( 1.080212, 0.121079, -0.222684 )
( 1.669831, 0.548380, -0.067469 )
( 1.985773, 0.786602, 0.047351 )
( 2.179439, 0.951044, 0.112561 )
( 2.214254, 0.980666, 0.128116 )
( 2.239814, 0.988883, 0.134304 )
( 2.267970, 0.989008, 0.137796 )
( 2.294718, 0.980466, 0.138878 )
( 2.322961, 0.958252, 0.135721 )
( 2.340271, 0.926763, 0.132564 )
( 2.344339, 0.900000, 0.132605 )
( 2.339704, 0.871480, 0.132289 )
( 2.174812, 0.492350, 0.075560 )
( 2.164271, 0.452618, 0.063061 )
( 2.162205, 0.032318, -0.063801 )
( 2.161995, -0.188898, -0.129646 )
( 2.164272, -0.447334, -0.201239 )
( 2.171591, -0.485653, -0.198079 )
( 2.329783, -0.850911, -0.068950 )
( 2.344339, -0.900000, -0.065299 )
( 2.329800, -0.949063, -0.064398 )
( 2.311913, -0.969201, -0.065833 )
( 2.288205, -0.983421, -0.069767 )
( 2.262105, -0.989713, -0.075223 )
( 2.235494, -0.988071, -0.081923 )
( 2.210607, -0.978752, -0.087669 )
( 0.761667, -0.304275, -0.258053 )
( 0.446694, -0.188304, -0.304196 )
( 0.235784, -0.093386, -0.322957 )
( 0.187137, -0.071702, -0.324962 )
( 0.142953, -0.060928, -0.323711 )
( 0.085752, -0.046970, -0.322097 )
( 0.028450, -0.032990, -0.320469 )
( -0.028185, -0.023289, -0.317501 )
( -0.086650, -0.024002, -0.321546 )
( -0.141623, -0.023883, -0.325096 )
( -0.200859, -0.024452, -0.329799 )
( -0.263859, -0.023843, -0.333705 )
( -0.322671, -0.030217, -0.336583 )
( -0.379924, -0.040102, -0.331945 )
( -0.437691, -0.050136, -0.327052 )
( -0.497815, -0.057685, -0.320250 )
( -0.551450, -0.055229, -0.308732 )
( -0.627187, -0.051861, -0.292566 )
( -0.684517, -0.049187, -0.280382 )
( -0.742091, -0.041003, -0.271885 )
( -0.800710, -0.032760, -0.263600 )
( -0.857579, -0.024041, -0.256725 )
( -0.940192, -0.015727, -0.267131 )
( -1.365816, -0.038782, -0.331464 )
( -1.719688, -0.061404, -0.379981 )
( -2.108400, -0.082494, -0.432235 )
( -2.238662, -0.088688, -0.450936 )
( -2.265452, -0.089359, -0.452981 )
( -2.311994, -0.069133, -0.454700 )
( -2.329805, -0.049056, -0.454839 )
( -2.344339, -0.000000, -0.454395 )
( -2.329804, 0.049057, -0.453955 )
( -2.312043, 0.069093, -0.453715 )
( -2.283575, 0.085157, -0.453555 )
( -2.251248, 0.090003, -0.453395 )
( -1.706819, 0.053447, -0.423270 )
( -1.058767, 0.005406, -0.381746 )