-1.298571
0.000000
-2.198571
( -0.299991, 0.179914, -0.093677 )
( -0.243968, 0.195353, -0.091545 )
( -0.212676, 0.202023, -0.091519 )
( -0.154532, 0.211242, -0.091939 )
( -0.085525, 0.222072, -0.092403 )
( -0.028248, 0.221404, -0.090049 )
( 0.109271, 0.207678, -0.080051 )
( 0.166781, 0.202280, -0.075990 )
( 0.224840, 0.191836, -0.070657 )
( 0.280359, 0.174258, -0.065782 )
( 0.337281, 0.157350, -0.062610 )
( 0.374452, 0.146341, -0.060295 )
( 0.432200, 0.133926, -0.060123 )
( 0.467159, 0.126686, -0.060087 )
( 0.536845, 0.121254, -0.063236 )
( 0.590694, 0.117820, -0.064139 )
( 0.909582, 0.088963, -0.076346 )
( 1.161092, 0.091051, -0.088496 )
( 1.558471, 0.092219, -0.106865 )
( 1.856447, 0.091568, -0.120807 )
( 2.207260, 0.089634, -0.138437 )
( 2.233432, 0.083033, -0.139033 )
( 2.256316, 0.069103, -0.137903 )
( 2.274072, 0.049084, -0.135918 )
( 2.288624, -0.000000, -0.134105 )
( 2.274093, -0.049052, -0.132292 )
( 2.253168, -0.071616, -0.131777 )
( 2.225869, -0.085817, -0.131262 )
( 2.199115, -0.090052, -0.129422 )
( 2.170966, -0.085717, -0.119759 )
( 2.145579, -0.072809, -0.109697 )
( 2.123258, -0.049367, -0.094215 )
( 2.110699, -0.019694, -0.080083 )
( 2.108919, 0.008482, -0.071048 )
( 2.110283, 0.047945, -0.059026 )
( 2.110075, 0.103474, -0.042150 )
( 2.104209, 0.273899, 0.011454 )
( 2.110094, 0.466773, 0.068538 )
( 2.169959, 0.626287, 0.105104 )
( 2.274080, 0.850928, 0.153231 )
( 2.288624, 0.900000, 0.154462 )
( 2.274082, 0.949069, 0.155653 )
( 2.256319, 0.969101, 0.155299 )
( 2.233452, 0.983024, 0.152735 )
( 2.206776, 0.989679, 0.150272 )
( 2.043876, 0.960512, 0.137330 )
( 1.663496, 0.850135, 0.105341 )
( 1.408805, 0.780125, 0.083868 )
( 1.160415, 0.705120, 0.062650 )
( 0.828163, 0.590468, 0.034583 )
( 0.583141, 0.494029, 0.012926 )
( 0.425749, 0.427333, 0.001431 )
( 0.177380, 0.314116, -0.016997 )
( 0.027799, 0.246452, -0.060025 )
( -0.028593, 0.233322, -0.068696 )
( -0.071129, 0.223289, -0.075237 )
( -0.091910, 0.206265, -0.083045 )
( -0.141128, 0.197422, -0.091751 )
( -0.202814, 0.189710, -0.101732 )
( -0.261565, 0.189245, -0.111943 )
( -0.297663, 0.189801, -0.118105 )
( -0.424795, 0.175731, -0.109290 )
( -0.485328, 0.168495, -0.104085 )
( -0.543303, 0.165024, -0.094186 )
( -0.579684, 0.162549, -0.087682 )
( -0.617692, 0.126807, -0.093593 )
( -0.653265, 0.093414, -0.099037 )
( -1.017796, -0.124732, -0.098495 )
( -1.209127, -0.237161, -0.074271 )
( -1.337137, -0.330030, -0.063852 )
( -1.477865, -0.421904, -0.043193 )
( -2.136388, -0.965137, 0.139706 )
( -2.182075, -0.987903, 0.150378 )
( -2.226061, -0.985755, 0.150112 )
( -2.250422, -0.973628, 0.149339 )
( -2.270821, -0.953756, 0.149097 )
( -2.283994, -0.928507, 0.148854 )
( -2.288625, -0.900000, 0.148853 )
( -2.283989, -0.871479, 0.148851 )
( -2.218807, -0.719713, 0.126513 )
( -2.145014, -0.552155, 0.094923 )
( -2.114318, -0.481797, 0.081756 )
( -2.108695, -0.455635, 0.076627 )
( -2.093583, 0.108909, -0.043858 )
( -2.094887, 0.151549, -0.056332 )
( -2.104010, 0.390550, -0.099617 )
( -2.109004, 0.459349, -0.108888 )
( -2.114983, 0.483506, -0.106971 )
( -2.274068, 0.850910, -0.050910 )
( -2.288624, 0.900000, -0.049190 )
( -2.274073, 0.949084, -0.048360 )
( -2.255942, 0.969414, -0.048197 )
( -2.232915, 0.983248, -0.048274 )
( -2.206870, 0.989671, -0.048245 )
( -1.408257, 0.986305, -0.049479 )
( -0.994498, 0.984613, -0.050274 )
( -0.607319, 0.983220, -0.051034 )
( 0.040302, 0.981253, -0.052440 )
( 0.227745, 0.981183, -0.052850 )
( 0.591100, 0.981713, -0.053639 )
( 1.057305, 0.983261, -0.054653 )
( 1.455181, 0.984840, -0.055496 )
( 2.206556, 0.989699, -0.056983 )
( 2.232581, 0.983385, -0.057132 )
( 2.255840, 0.969498, -0.057095 )
( 2.274072, 0.949085, -0.057083 )
( 2.288624, 0.900000, -0.056411 )
( 2.274068, 0.850910, -0.057085 )
( 2.115108, 0.483816, -0.099290 )
( 2.108772, 0.456761, -0.103527 )
( 2.106130, 0.428416, -0.101348 )
( 2.096845, 0.134403, -0.052823 )
( 2.095070, 0.067157, -0.043765 )
( 2.108786, -0.456946, 0.058045 )
( 2.123670, -0.499993, 0.069603 )
( 2.186687, -0.626837, 0.096869 )
( 2.283989, -0.871477, 0.143964 )
( 2.288625, -0.900000, 0.145065 )
( 2.283994, -0.928507, 0.145173 )
( 2.269095, -0.956000, 0.145169 )
( 2.245693, -0.976741, 0.145164 )
( 2.220711, -0.987290, 0.144336 )
( 2.194013, -0.989938, 0.144038 )
( 2.149267, -0.975358, 0.142350 )
( 1.390860, -0.488056, 0.058161 )
( 1.190953, -0.355410, 0.031521 )
( 0.868875, -0.145335, -0.015517 )
( 0.572216, 0.088421, -0.050662 )
( 0.547703, 0.137619, -0.047224 )
( 0.486664, 0.141948, -0.058011 )
( 0.429016, 0.147189, -0.066759 )
( 0.371910, 0.154556, -0.074599 )
( 0.315546, 0.163259, -0.080872 )
( 0.259601, 0.172280, -0.081296 )
( 0.176878, 0.184961, -0.072195 )
( 0.121168, 0.199287, -0.063646 )
( 0.015109, 0.231527, -0.047133 )
( -0.028337, 0.251219, -0.041960 )
( -0.199057, 0.328865, -0.021593 )
( -0.443400, 0.427602, -0.002185 )
( -0.780945, 0.555718, 0.025303 )
( -1.123059, 0.674368, 0.055931 )
( -1.338133, 0.742963, 0.075963 )
( -1.666464, 0.838986, 0.108674 )
( -2.046044, 0.950644, 0.147991 )
( -2.179023, 0.986882, 0.160756 )
( -2.206683, 0.989687, 0.163323 )
( -2.232658, 0.983353, 0.165885 )
( -2.256180, 0.969216, 0.168139 )
( -2.274078, 0.949076, 0.169395 )
( -2.288624, 0.900000, 0.170636 )
( -2.274079, 0.850928, 0.171682 )
( -2.168524, 0.628057, 0.116435 )
( -2.109449, 0.462907, 0.070731 )
( -2.103451, 0.277201, 0.002355 )
( -2.109368, 0.142209, -0.050687 )
( -2.110105, 0.096108, -0.068360 )
( -2.108627, 0.004406, -0.106304 )
( -2.111500, -0.022972, -0.120647 )
( -2.129538, -0.057825, -0.143756 )
( -2.148693, -0.074977, -0.154875 )
( -2.172727, -0.086265, -0.162268 )
( -2.199015, -0.090053, -0.169337 )
( -2.225555, -0.085916, -0.170103 )
( -2.253032, -0.071720, -0.169935 )
( -2.274085, -0.049064, -0.169766 )
( -2.288624, -0.000000, -0.169404 )
( -2.274083, 0.049068, -0.169044 )
( -2.256149, 0.069242, -0.169327 )
( -2.233218, 0.083122, -0.168053 )
( -2.207246, 0.089635, -0.167131 )
( -1.569706, 0.121135, -0.149687 )
( -1.243142, 0.128472, -0.136942 )
( -0.835478, 0.135780, -0.118043 )
( -0.648112, 0.145772, -0.108174 )
( -0.599936, 0.147871, -0.105553 )
( -0.569767, 0.149133, -0.103930 )
( -0.510918, 0.151728, -0.100727 )
( -0.464430, 0.158511, -0.097557 )
( -0.405684, 0.167046, -0.093527 )
( -0.319076, 0.179537, -0.087014 )