-2.111626
1.272857
-3.011626
( -0.664892, 1.522592, -0.704348 )
( -0.361563, 1.492316, -0.693242 )
( -0.209347, 1.476022, -0.679524 )
( -0.156349, 1.469818, -0.673559 )
( 0.062064, 1.459343, -0.673163 )
( 0.116067, 1.459172, -0.673438 )
( 0.261777, 1.462685, -0.669862 )
( 0.819217, 1.496515, -0.659546 )
( 0.966995, 1.505458, -0.655054 )
( 1.176238, 1.516732, -0.651765 )
( 1.336733, 1.524271, -0.649719 )
( 1.513981, 1.532237, -0.649120 )
( 1.613337, 1.536495, -0.649433 )
( 1.830675, 1.547200, -0.652057 )
( 1.878560, 1.550393, -0.644531 )
( 1.920303, 1.555245, -0.641979 )
( 1.961738, 1.568873, -0.645890 )
( 2.002401, 1.587208, -0.646957 )
( 2.043662, 1.614876, -0.650920 )
( 2.957837, 2.245081, -0.736514 )
( 2.981476, 2.257714, -0.737999 )
( 3.007750, 2.262827, -0.735798 )
( 3.040503, 2.258155, -0.733921 )
( 3.069359, 2.241970, -0.732044 )
( 3.087148, 2.221910, -0.729957 )
( 3.101679, 2.172857, -0.725849 )
( 3.091473, 2.131215, -0.722387 )
( 3.055039, 2.002026, -0.702992 )
( 2.989250, 1.767295, -0.665196 )
( 2.950977, 1.630446, -0.642552 )
( 2.911372, 1.485570, -0.616494 )
( 2.872501, 1.341183, -0.591130 )
( 2.831252, 1.188354, -0.562267 )
( 2.774605, 0.978672, -0.524180 )
( 2.809571, 0.841394, -0.541318 )
( 2.830242, 0.771830, -0.554911 )
( 2.841993, 0.717371, -0.543846 )
( 2.858522, 0.643032, -0.528312 )
( 2.851413, 0.595571, -0.507155 )
( 2.836131, 0.547791, -0.482899 )
( 2.800375, 0.417696, -0.409020 )
( 2.760777, 0.377762, -0.401032 )
( 2.604471, 0.258446, -0.405813 )
( 2.556053, 0.234364, -0.388570 )
( 2.516348, 0.245159, -0.399928 )
( 2.463395, 0.260674, -0.414720 )
( 2.429345, 0.274294, -0.417745 )
( 2.374826, 0.295624, -0.422690 )
( 2.328136, 0.315880, -0.425877 )
( 2.277810, 0.344579, -0.416459 )
( 1.456591, 0.894004, -0.540014 )
( 1.429425, 0.903260, -0.527537 )
( 1.416515, 0.903872, -0.495200 )
( 1.402091, 0.902742, -0.465531 )
( 1.323396, 0.861146, -0.398360 )
( 1.051131, 0.703966, -0.327251 )
( 0.987611, 0.635901, -0.342345 )
( 0.939295, 0.583533, -0.361307 )
( 0.868115, 0.521753, -0.367928 )
( 0.834849, 0.492321, -0.373921 )
( 0.793839, 0.460986, -0.373514 )
( 0.729791, 0.424546, -0.382635 )
( 0.653988, 0.410800, -0.401638 )
( 0.627718, 0.409825, -0.415698 )
( 0.575821, 0.414306, -0.438604 )
( 0.521834, 0.435100, -0.462289 )
( 0.487281, 0.455063, -0.473951 )
( 0.441291, 0.489388, -0.487598 )
( 0.398819, 0.527529, -0.498944 )
( 0.226890, 0.727063, -0.548570 )
( 0.117636, 0.877784, -0.574119 )
( 0.085444, 0.920796, -0.583583 )
( 0.052603, 0.971674, -0.596525 )
( 0.028956, 1.006235, -0.606483 )
( -0.000894, 1.055996, -0.621883 )
( -0.022499, 1.103666, -0.640304 )
( -0.042963, 1.157010, -0.662660 )
( -0.063973, 1.221070, -0.685131 )
( -0.078231, 1.282717, -0.706376 )
( -0.093215, 1.339665, -0.716150 )
( -0.107987, 1.367889, -0.717823 )
( -0.147651, 1.432286, -0.705251 )
( -0.156608, 1.462067, -0.702287 )
( -0.206782, 1.492482, -0.685232 )
( -0.263333, 1.511048, -0.671933 )
( -0.322167, 1.520831, -0.654260 )
( -0.514337, 1.418932, -0.658270 )
( -0.665765, 1.332410, -0.641005 )
( -1.405795, 0.859918, -0.572108 )
( -1.435643, 0.852233, -0.564714 )
( -1.463569, 0.846381, -0.558059 )
( -1.461294, 0.876234, -0.553390 )
( -1.462229, 0.906070, -0.557372 )
( -1.509231, 1.082637, -0.542546 )
( -1.565784, 1.230545, -0.545599 )
( -1.619835, 1.338575, -0.562980 )
( -1.712284, 1.476961, -0.600766 )
( -1.879048, 1.606613, -0.679495 )
( -1.920428, 1.634576, -0.699717 )
( -1.957114, 1.643001, -0.719031 )
( -1.994326, 1.643891, -0.737751 )
( -2.034051, 1.626924, -0.744684 )
( -2.143352, 1.549111, -0.744248 )
( -2.249586, 1.442398, -0.734396 )
( -2.304834, 1.372348, -0.729896 )
( -2.405148, 1.263446, -0.727612 )
( -2.541549, 1.132672, -0.728956 )
( -2.621512, 1.052014, -0.728314 )
( -2.712958, 0.953797, -0.718897 )
( -2.758312, 0.877077, -0.697439 )
( -2.779620, 0.834010, -0.684572 )
( -2.783027, 0.778536, -0.670822 )
( -2.781463, 0.721621, -0.656919 )
( -2.776406, 0.665536, -0.646944 )
( -2.771252, 0.607936, -0.636672 )
( -2.757586, 0.451236, -0.618927 )
( -2.802868, 0.288696, -0.601347 )
( -2.881087, 0.085124, -0.564343 )
( -2.910655, 0.017156, -0.549777 )
( -2.924805, -0.023912, -0.542863 )
( -2.943215, -0.058562, -0.537959 )
( -2.963342, -0.076015, -0.533263 )
( -2.987495, -0.086760, -0.526743 )
( -3.013568, -0.090032, -0.519120 )
( -3.039652, -0.085581, -0.512831 )
( -3.066521, -0.071387, -0.504525 )
( -3.087139, -0.049064, -0.496218 )
( -3.101678, 0.000000, -0.479560 )
( -3.087142, 0.049061, -0.464211 )
( -3.069365, 0.069108, -0.462759 )
( -3.046405, 0.083067, -0.462564 )
( -3.020437, 0.089622, -0.461139 )
( -2.435864, 0.167762, -0.467985 )
( -2.029504, 0.227277, -0.466914 )
( -2.001571, 0.231473, -0.466814 )
( -1.948855, 0.239222, -0.466396 )
( -1.848081, 0.254501, -0.465475 )
( -1.626485, 0.286458, -0.462456 )
( -1.417995, 0.315860, -0.458132 )
( -1.296086, 0.333867, -0.455302 )
( -1.157950, 0.353874, -0.451758 )
( -0.977459, 0.379427, -0.446679 )
( -0.827871, 0.399636, -0.442230 )
( -0.735411, 0.409104, -0.441107 )
( -0.686391, 0.414140, -0.440425 )
( -0.637135, 0.418981, -0.439045 )
( -0.435545, 0.422643, -0.435438 )
( -0.280161, 0.422691, -0.434178 )
( -0.098985, 0.422345, -0.431701 )
( 0.112412, 0.422801, -0.427084 )
( 0.320337, 0.424431, -0.421525 )
( 0.434664, 0.425951, -0.417677 )
( 0.607122, 0.426142, -0.413477 )
( 0.663392, 0.426027, -0.410102 )
( 0.720770, 0.424244, -0.408459 )
( 0.905685, 0.418567, -0.403813 )
( 1.063435, 0.411656, -0.400041 )
( 1.300032, 0.399304, -0.397348 )
( 1.468561, 0.388401, -0.397480 )
( 1.707376, 0.370926, -0.399750 )
( 1.866995, 0.357299, -0.402366 )
( 2.022943, 0.343665, -0.404513 )
( 2.257925, 0.322527, -0.404346 )
( 2.365569, 0.301021, -0.405636 )
( 2.423974, 0.287967, -0.405795 )
( 2.478160, 0.271426, -0.406994 )
( 2.546725, 0.251327, -0.409495 )
( 2.590130, 0.237168, -0.410864 )
( 2.827751, 0.171268, -0.419230 )
( 2.864151, 0.159657, -0.420682 )
( 2.898691, 0.144998, -0.420597 )
( 3.046785, 0.082907, -0.419793 )
( 3.069750, 0.068784, -0.417566 )
( 3.087140, 0.049063, -0.410616 )
( 3.101678, -0.000000, -0.398140 )
( 3.087146, -0.049054, -0.385660 )
( 3.066818, -0.071158, -0.380930 )
( 3.040351, -0.085350, -0.376639 )
( 3.013961, -0.090023, -0.375572 )
( 2.987334, -0.086715, -0.379102 )
( 2.958413, -0.072648, -0.389421 )
( 2.936282, -0.049324, -0.401124 )
( 2.926041, -0.028013, -0.406298 )
( 2.916029, 0.000681, -0.411672 )
( 2.866547, 0.146606, -0.435380 )
( 2.855629, 0.182725, -0.440622 )
( 2.815498, 0.314556, -0.460356 )
( 2.816116, 0.528603, -0.489201 )
( 2.836976, 0.581900, -0.496926 )
( 2.847646, 0.680784, -0.520432 )
( 2.855022, 0.736220, -0.533325 )
( 2.842435, 0.786257, -0.552330 )
( 2.818728, 0.831171, -0.567836 )
( 2.758436, 0.929839, -0.599114 )
( 2.692451, 1.003452, -0.610303 )
( 2.571143, 1.132100, -0.625664 )
( 2.498356, 1.206193, -0.631495 )
( 2.401748, 1.303641, -0.642945 )
( 2.329961, 1.375065, -0.652523 )
( 2.248519, 1.455070, -0.663110 )
( 2.177772, 1.535275, -0.683072 )
( 2.102876, 1.585854, -0.685389 )
( 2.055048, 1.596927, -0.677663 )
( 2.005905, 1.593458, -0.665881 )
( 1.956472, 1.582881, -0.651964 )
( 1.907965, 1.567728, -0.636161 )
( 1.859483, 1.548299, -0.620093 )
( 1.740716, 1.499442, -0.580837 )
( 1.655452, 1.403407, -0.553162 )
( 1.590249, 1.292257, -0.533076 )
( 1.502310, 1.096867, -0.516246 )
( 1.443461, 0.911586, -0.515547 )
( 1.438271, 0.883936, -0.500760 )
( 1.405312, 0.891151, -0.494592 )
( 1.378742, 0.909324, -0.498853 )
( 0.708076, 1.261922, -0.501054 )
( 0.507180, 1.367368, -0.547628 )
( 0.331488, 1.459414, -0.598770 )
( 0.256897, 1.476174, -0.628246 )
( 0.206456, 1.478841, -0.649284 )
( 0.158613, 1.479339, -0.662804 )
( 0.098984, 1.472127, -0.682622 )
( 0.049104, 1.451504, -0.703348 )
( 0.035425, 1.427165, -0.711597 )
( -0.009781, 1.388484, -0.727795 )
( -0.046748, 1.339026, -0.731823 )
( -0.064580, 1.300294, -0.724148 )
( -0.081331, 1.265268, -0.717138 )
( -0.133350, 1.172243, -0.695004 )
( -0.171443, 1.098219, -0.668854 )
( -0.207909, 1.045864, -0.650887 )
( -0.241527, 1.000097, -0.635396 )
( -0.277115, 0.952038, -0.620796 )
( -0.312114, 0.903865, -0.607502 )
( -0.341902, 0.862866, -0.596833 )
( -0.373741, 0.815614, -0.585506 )
( -0.482784, 0.638291, -0.551623 )
( -0.510440, 0.590808, -0.544850 )
( -0.541330, 0.540664, -0.536898 )
( -0.575042, 0.491365, -0.521597 )
( -0.608293, 0.449938, -0.503354 )
( -0.651758, 0.414925, -0.475207 )
( -0.697237, 0.396606, -0.440000 )
( -0.746479, 0.395702, -0.403927 )
( -0.813425, 0.406438, -0.378859 )
( -0.871645, 0.435445, -0.367605 )
( -0.906656, 0.465018, -0.366977 )
( -1.001742, 0.537319, -0.385825 )
( -1.072601, 0.620564, -0.372432 )
( -1.342650, 0.818115, -0.496110 )
( -1.403384, 0.851747, -0.526139 )
( -1.438453, 0.865465, -0.557026 )
( -1.461977, 0.870918, -0.575221 )
( -1.480146, 0.859778, -0.560819 )
( -1.500994, 0.844126, -0.545143 )
( -1.810395, 0.374851, -0.454570 )
( -1.850490, 0.321608, -0.496505 )
( -1.888319, 0.297402, -0.503111 )
( -1.928581, 0.272083, -0.503879 )
( -1.971273, 0.245876, -0.495471 )
( -2.014774, 0.219400, -0.483385 )
( -2.099404, 0.168090, -0.456674 )
( -2.454526, 0.163183, -0.350040 )
( -2.502501, 0.189694, -0.364771 )
( -2.659332, 0.308755, -0.365103 )
( -2.697600, 0.347989, -0.379688 )
( -2.787747, 0.632910, -0.633189 )
( -2.791667, 0.672797, -0.661566 )
( -2.783334, 0.727880, -0.675115 )
( -2.775068, 0.780531, -0.688057 )
( -2.758261, 0.856117, -0.687554 )
( -2.740479, 0.899534, -0.684612 )
( -2.722164, 0.955012, -0.683084 )
( -2.711440, 1.068836, -0.671817 )
( -2.723504, 1.202013, -0.646189 )
( -2.761116, 1.302876, -0.639110 )
( -2.802471, 1.390099, -0.650363 )
( -2.847228, 1.486561, -0.673386 )
( -2.915285, 1.635181, -0.692115 )
( -2.955066, 1.749624, -0.706166 )
( -2.995216, 1.864604, -0.716276 )
( -3.036887, 1.982869, -0.728154 )
( -3.087128, 2.123775, -0.746294 )
( -3.101679, 2.172857, -0.746730 )
( -3.087155, 2.221899, -0.746707 )
( -3.069359, 2.241970, -0.746871 )
( -3.040907, 2.258017, -0.747276 )
( -3.008603, 2.262860, -0.747681 )
( -2.982310, 2.258005, -0.750063 )
( -2.958632, 2.245667, -0.747492 )
( -1.968721, 1.634756, -0.706070 )
( -1.923404, 1.618760, -0.704484 )
( -1.878653, 1.611499, -0.704012 )
( -1.828112, 1.601314, -0.702215 )
( -1.603456, 1.599024, -0.710906 )
( -1.366021, 1.582280, -0.706804 )
( -1.204201, 1.569584, -0.707308 )
( -0.981652, 1.550599, -0.706890 )
( -0.684823, 1.524161, -0.703304 )