2.264693
0.000000
1.364693
( 0.286185, 1.044025, 0.012778 )
( -0.770519, 1.017855, 0.003442 )
( -1.377711, 0.989108, 0.005201 )
( -1.405670, 0.980191, 0.005333 )
( -1.429961, 0.962047, 0.003123 )
( -1.446853, 0.936870, 0.000913 )
( -1.453053, 0.917383, -0.000684 )
( -1.453285, 0.883840, -0.002760 )
( -1.434796, 0.843474, -0.003167 )
( -1.412631, 0.823766, -0.000899 )
( -1.385265, 0.812328, 0.001369 )
( -0.864377, 0.751789, 0.043599 )
( 0.032468, 0.676734, 0.107656 )
( 0.092270, 0.672992, 0.110513 )
( 0.719603, 0.615622, 0.143950 )
( 1.376701, 0.539250, 0.176810 )
( 1.412008, 0.526622, 0.177757 )
( 1.432445, 0.509324, 0.179002 )
( 1.447364, 0.485710, 0.180982 )
( 1.454740, 0.448928, 0.184934 )
( 1.450168, 0.421652, 0.187566 )
( 1.432733, 0.391007, 0.189866 )
( 1.404868, 0.369404, 0.192149 )
( 0.931144, 0.189703, 0.174862 )
( 0.029058, -0.200702, 0.121522 )
( -0.877551, -0.605293, 0.065683 )
( -1.402525, -0.818278, 0.022141 )
( -1.428822, -0.836778, 0.017667 )
( -1.446465, -0.862278, 0.011868 )
( -1.453968, -0.888185, 0.005705 )
( -1.450258, -0.928077, -0.002275 )
( -1.435128, -0.956112, -0.005300 )
( -1.411182, -0.977126, -0.008326 )
( -1.368281, -0.989982, -0.008369 )
( -0.347204, -1.051769, -0.016171 )
( 0.723191, -1.023643, -0.030186 )
( 1.365525, -0.990050, -0.042898 )
( 1.392782, -0.985561, -0.043202 )
( 1.416853, -0.973410, -0.043178 )
( 1.448281, -0.933507, -0.046362 )
( 1.454465, -0.907120, -0.048293 )
( 1.446916, -0.863270, -0.051084 )
( 1.432301, -0.840512, -0.051002 )
( 1.411587, -0.823119, -0.050919 )
( 0.934536, -0.635369, -0.020622 )
( -0.003387, -0.226033, 0.058101 )
( -0.942369, 0.185327, 0.138190 )
( -1.408480, 0.371309, 0.184138 )
( -1.431264, 0.389354, 0.186462 )
( -1.452162, 0.428580, 0.191122 )
( -1.454602, 0.455096, 0.195056 )
( -1.445056, 0.490639, 0.199369 )
( -1.428436, 0.513612, 0.199667 )
( -1.400290, 0.532719, 0.199074 )
( -1.367064, 0.540022, 0.198465 )
( -0.722526, 0.595686, 0.154339 )
( 0.024934, 0.666033, 0.096711 )
( 0.083997, 0.669821, 0.093939 )
( 0.851539, 0.740943, 0.051674 )
( 1.377473, 0.810858, 0.018357 )
( 1.406755, 0.820373, 0.016333 )
( 1.442886, 0.855329, 0.015636 )
( 1.454140, 0.889568, 0.018355 )
( 1.452489, 0.920039, 0.021567 )
( 1.442640, 0.945099, 0.023253 )
( 1.417167, 0.973186, 0.022954 )
( 1.368411, 0.989977, 0.023010 )
( 0.791776, 1.027587, 0.017308 )
( 0.306215, 1.045289, 0.012813 )