-0.858571
0.350000
-1.758571
( 0.748420, 1.264724, -0.039692 )
( -0.784569, 1.295909, -0.009175 )
( -0.846803, 1.295875, -0.009533 )
( -0.907882, 1.298268, -0.009863 )
( -0.967355, 1.299670, -0.010531 )
( -1.018631, 1.301868, -0.009572 )
( -1.765830, 1.339761, 0.007751 )
( -1.792159, 1.333556, 0.007605 )
( -1.815443, 1.319823, 0.008722 )
( -1.834080, 1.299072, 0.008887 )
( -1.848624, 1.250000, 0.007985 )
( -1.834115, 1.200982, 0.007085 )
( -1.815322, 1.180078, 0.006508 )
( -1.791000, 1.165988, 0.005992 )
( -1.361135, 0.959151, 0.005674 )
( -1.334039, 0.942505, 0.003986 )
( -1.303765, 0.932961, 0.003415 )
( -0.009477, 0.838916, 0.032289 )
( 0.045956, 0.840509, 0.029650 )
( 1.245668, 0.922672, -0.025828 )
( 1.300784, 0.930639, -0.028050 )
( 1.335308, 0.929395, -0.019291 )
( 1.366349, 0.923894, -0.003712 )
( 1.381587, 0.921150, 0.005188 )
( 1.359918, 0.904957, 0.018173 )
( 1.203728, 0.784239, 0.097642 )
( 0.875660, 0.612603, 0.061952 )
( 0.830444, 0.588754, 0.056354 )
( 0.791557, 0.583566, 0.048633 )
( 0.734282, 0.583045, 0.037854 )
( 0.675596, 0.586773, 0.030636 )
( 0.620150, 0.598081, 0.025811 )
( 0.567552, 0.617646, 0.026476 )
( 0.218348, 0.752272, 0.034686 )
( 0.054006, 0.831273, 0.043938 )
( 0.006356, 0.857674, 0.047530 )
( -0.043105, 0.882635, 0.048397 )
( -0.470520, 1.130379, 0.005832 )
( -0.789801, 1.283374, -0.021538 )
( -0.841301, 1.301513, -0.020080 )
( -0.890834, 1.315600, -0.013337 )
( -0.925082, 1.311967, -0.002761 )
( -0.975943, 1.306842, 0.013483 )
( -1.011491, 1.280794, 0.020940 )
( -1.330997, 1.042657, 0.094802 )
( -1.362641, 0.956392, 0.035230 )
( -1.357307, 0.938585, 0.006127 )
( -1.338139, 0.935062, -0.026197 )
( -1.307585, 0.946612, -0.017285 )
( -1.305699, 0.947730, 0.014544 )
( -1.318351, 0.923156, 0.020360 )
( -1.330134, 0.895758, 0.010620 )
( -1.363493, 0.881693, 0.015059 )
( -1.813833, 0.696104, 0.046069 )
( -1.834077, 0.674077, 0.046155 )
( -1.848624, 0.625000, 0.046130 )
( -1.834070, 0.575912, 0.046106 )
( -1.816053, 0.555678, 0.046076 )
( -1.792467, 0.541569, 0.046083 )
( -1.766013, 0.535254, 0.045423 )
( -0.712550, 0.601735, 0.044884 )
( -0.649467, 0.604620, 0.044881 )
( -0.587443, 0.605566, 0.046659 )
( -0.523938, 0.606600, 0.046734 )
( 0.589098, 0.600970, 0.041952 )
( 0.654038, 0.600533, 0.040708 )
( 0.719153, 0.598882, 0.039951 )
( 0.782616, 0.596701, 0.038362 )
( 0.846057, 0.594476, 0.036789 )
( 1.766878, 0.535330, 0.020687 )
( 1.792916, 0.541753, 0.021173 )
( 1.816263, 0.555853, 0.021183 )
( 1.834068, 0.575910, 0.021184 )
( 1.848624, 0.625000, 0.021211 )
( 1.834074, 0.674082, 0.021243 )
( 1.813997, 0.695977, 0.021082 )
( 1.787889, 0.710148, 0.020855 )
( 1.395944, 0.888884, 0.005012 )
( 1.364601, 0.907343, 0.003511 )
( 1.349515, 0.935252, 0.004698 )
( 1.339499, 0.946371, -0.030553 )
( 1.355235, 0.938445, -0.056061 )
( 1.377948, 0.924855, -0.039640 )
( 1.381520, 0.941997, -0.007637 )
( 1.115710, 1.251108, -0.026561 )
( 1.092775, 1.275165, -0.029136 )
( 1.038294, 1.282445, -0.063288 )
( 0.999176, 1.266749, -0.058675 )
( 0.949062, 1.247392, -0.053260 )
( 0.587286, 1.075549, -0.002508 )
( 0.080912, 0.888024, 0.056023 )
( 0.028969, 0.866127, 0.061445 )
( -0.012305, 0.848864, 0.065544 )
( -0.506437, 0.619770, 0.032283 )
( -0.560234, 0.601320, 0.031433 )
( -0.619328, 0.591722, 0.037592 )
( -0.675022, 0.587427, 0.052302 )
( -0.729927, 0.597975, 0.061817 )
( -1.070765, 0.674406, 0.120536 )
( -1.299531, 0.746051, 0.141389 )
( -1.337260, 0.897077, 0.032851 )
( -1.334590, 0.918344, 0.013873 )
( -1.321538, 0.933381, -0.013299 )
( -1.298158, 0.929399, -0.009874 )
( -0.298844, 0.900614, -0.009026 )
( 0.319054, 0.893859, -0.028955 )
( 1.265084, 0.917613, -0.038516 )
( 1.302787, 0.920180, -0.037345 )
( 1.334181, 0.924116, -0.035361 )
( 1.363099, 0.938492, -0.035145 )
( 1.397035, 0.953613, -0.029767 )
( 1.790113, 1.165651, -0.036842 )
( 1.814941, 1.179771, -0.036490 )
( 1.834099, 1.200956, -0.036057 )
( 1.848624, 1.250000, -0.036152 )
( 1.834074, 1.299081, -0.036242 )
( 1.815102, 1.320100, -0.036345 )
( 1.791855, 1.333677, -0.036921 )
( 1.765752, 1.339767, -0.036229 )
( 1.137597, 1.269040, -0.043678 )
( 1.094830, 1.263960, -0.044592 )
( 1.039902, 1.262527, -0.042874 )
( 1.005193, 1.261413, -0.041882 )
( 0.943738, 1.261518, -0.040969 )
( 0.768712, 1.264601, -0.039516 )