-0.720000
0.000000
-1.620000
( 0.380714, 0.987441, -0.162498 )
( -0.945553, 0.989232, -0.167915 )
( -1.619175, 0.990050, -0.171834 )
( -1.649394, 0.985121, -0.171857 )
( -1.676215, 0.970353, -0.171880 )
( -1.695498, 0.949089, -0.171899 )
( -1.710053, 0.900000, -0.172429 )
( -1.695508, 0.850927, -0.172959 )
( -1.676354, 0.829758, -0.172804 )
( -1.651911, 0.815790, -0.172345 )
( -1.624350, 0.810051, -0.171798 )
( -1.140356, 0.770050, -0.136484 )
( -0.612808, 0.729702, -0.097770 )
( 0.027611, 0.679371, -0.056126 )
( 0.087583, 0.675575, -0.053250 )
( 1.013133, 0.592111, -0.007434 )
( 1.628615, 0.539641, 0.024203 )
( 1.654638, 0.533125, 0.025845 )
( 1.677581, 0.519239, 0.026323 )
( 1.695502, 0.499082, 0.027078 )
( 1.710053, 0.450000, 0.029012 )
( 1.695517, 0.400942, 0.030947 )
( 1.659293, 0.368971, 0.031712 )
( 1.619422, 0.359948, 0.032367 )
( 0.844704, 0.518959, 0.055348 )
( 0.010434, 0.679001, 0.071537 )
( -0.046053, 0.689512, 0.073373 )
( -0.742847, 0.830011, 0.099525 )
( -1.625595, 0.989880, 0.124104 )
( -1.652275, 0.984071, 0.125607 )
( -1.677611, 0.969214, 0.127078 )
( -1.695510, 0.949071, 0.128182 )
( -1.710053, 0.900000, 0.130719 )
( -1.705424, 0.421498, 0.257200 )
( -1.691900, 0.395778, 0.256606 )
( -1.670889, 0.375704, 0.255747 )
( -1.644731, 0.363409, 0.256202 )
( -1.617004, 0.360996, 0.255610 )
( -1.206393, 0.386044, 0.242536 )
( -0.068862, 0.395141, 0.237925 )
( 0.917136, 0.400685, 0.232738 )
( 1.632926, 0.360879, 0.232442 )
( 1.677764, 0.380914, 0.233007 )
( 1.705423, 0.421495, 0.233470 )
( 1.710054, 0.450000, 0.233189 )
( 1.710053, 0.900000, 0.086994 )
( 1.695512, 0.949067, 0.086556 )
( 1.677166, 0.969582, 0.086510 )
( 1.653743, 0.983493, 0.086487 )
( 1.627356, 0.989753, 0.086482 )
( 1.011718, 0.883463, 0.093237 )
( 0.039770, 0.687038, 0.087503 )
( -0.016314, 0.676329, 0.087418 )
( -0.508779, 0.579180, 0.077285 )
( -1.344216, 0.413606, 0.052742 )
( -1.619024, 0.359952, 0.045031 )
( -1.661766, 0.370218, 0.046535 )
( -1.695505, 0.400923, 0.048092 )
( -1.710053, 0.450000, 0.050891 )
( -1.695504, 0.499080, 0.053691 )
( -1.676852, 0.519839, 0.054395 )
( -1.653312, 0.533666, 0.053483 )
( -1.627233, 0.539763, 0.052391 )
( -0.879599, 0.594450, -0.002130 )
( 0.009711, 0.667566, -0.064517 )
( 0.070709, 0.672416, -0.068572 )
( 1.282856, 0.779689, -0.137263 )
( 1.623731, 0.810024, -0.156307 )
( 1.651764, 0.815734, -0.156633 )
( 1.676591, 0.829949, -0.156902 )
( 1.695505, 0.850922, -0.156981 )
( 1.710053, 0.900000, -0.156501 )
( 1.695497, 0.949090, -0.156021 )
( 1.676158, 0.970398, -0.156076 )
( 1.649743, 0.985000, -0.156100 )
( 1.619985, 0.990054, -0.156124 )
( 1.190656, 0.988396, -0.158313 )
( 0.400721, 0.987550, -0.162363 )