-1.350000
0.000000
-2.250000
( 0.690154, 0.962599, -0.061193 )
( -0.739907, 0.962717, -0.065129 )
( -2.252231, 0.990026, -0.072854 )
( -2.281750, 0.984271, -0.072820 )
( -2.307727, 0.969117, -0.072786 )
( -2.325493, 0.949097, -0.072503 )
( -2.340053, 0.900000, -0.071688 )
( -2.325495, 0.850906, -0.070872 )
( -2.306804, 0.830122, -0.070638 )
( -2.281728, 0.815721, -0.070320 )
( -2.253381, 0.810010, -0.069617 )
( -1.703122, 0.766705, -0.044314 )
( -0.669450, 0.694605, 0.001872 )
( 0.000096, 0.657648, 0.030484 )
( 0.062796, 0.654872, 0.032744 )
( 0.125535, 0.651075, 0.034917 )
( 0.781697, 0.612266, 0.057144 )
( 1.747241, 0.565470, 0.085224 )
( 2.256734, 0.539802, 0.100211 )
( 2.282934, 0.533815, 0.101293 )
( 2.306750, 0.519922, 0.101702 )
( 2.325496, 0.499091, 0.100447 )
( 2.340053, 0.450000, 0.097194 )
( 2.325504, 0.400921, 0.093942 )
( 2.306862, 0.380169, 0.093249 )
( 2.283819, 0.366538, 0.092174 )
( 2.257751, 0.360281, 0.092622 )
( 2.230465, 0.362091, 0.093756 )
( 1.476114, 0.466383, 0.101786 )
( 0.244833, 0.640229, 0.112391 )
( 0.184215, 0.648148, 0.111208 )
( -0.731573, 0.775374, 0.136405 )
( -2.254109, 0.989960, 0.178401 )
( -2.280382, 0.984774, 0.178720 )
( -2.304074, 0.972012, 0.177852 )
( -2.323211, 0.952438, 0.175730 )
( -2.335421, 0.928513, 0.173804 )
( -2.340054, 0.900000, 0.173811 )
( -2.335421, 0.871488, 0.173835 )
( -2.311138, 0.833881, 0.171188 )
( -2.273168, 0.812978, 0.169508 )
( -2.245361, 0.810066, 0.169471 )
( -1.718865, 0.788403, 0.159466 )
( -0.728817, 0.731397, 0.151621 )
( 0.251799, 0.726548, 0.149037 )
( 1.109805, 0.747996, 0.146046 )
( 1.172099, 0.749942, 0.145974 )
( 1.206832, 0.751127, 0.145971 )
( 1.269031, 0.753956, 0.145908 )
( 2.257566, 0.810265, 0.144084 )
( 2.285646, 0.817302, 0.143213 )
( 2.305581, 0.829145, 0.143255 )
( 2.335419, 0.871483, 0.144150 )
( 2.340054, 0.900000, 0.144149 )
( 2.335422, 0.928508, 0.144150 )
( 2.323146, 0.952530, 0.143270 )
( 2.304030, 0.972045, 0.142725 )
( 2.279160, 0.985202, 0.142717 )
( 2.252495, 0.990019, 0.142777 )
( 1.434085, 0.814354, 0.131009 )
( 1.267675, 0.785228, 0.131067 )
( 1.206360, 0.775137, 0.131345 )
( 1.171329, 0.769704, 0.131320 )
( 1.109888, 0.759976, 0.131170 )
( 0.275008, 0.644872, 0.126942 )
( 0.214898, 0.638387, 0.127301 )
( -1.311172, 0.448244, 0.109526 )
( -1.957971, 0.385575, 0.110989 )
( -2.255599, 0.360121, 0.113473 )
( -2.281982, 0.365817, 0.114685 )
( -2.306537, 0.379906, 0.115619 )
( -2.325506, 0.400923, 0.116490 )
( -2.340053, 0.450000, 0.119660 )
( -2.325499, 0.499088, 0.122829 )
( -2.306887, 0.519810, 0.123984 )
( -2.283792, 0.533473, 0.123482 )
( -2.257729, 0.539722, 0.121580 )
( -1.864005, 0.556287, 0.104533 )
( -1.393056, 0.576370, 0.084266 )
( -0.353250, 0.621868, 0.039403 )
( 0.023298, 0.643558, 0.021221 )
( 0.085492, 0.647568, 0.019007 )
( 0.727794, 0.688614, -0.003632 )
( 1.294703, 0.732170, -0.024347 )
( 1.863520, 0.777761, -0.045025 )
( 2.253585, 0.810018, -0.058933 )
( 2.282129, 0.815873, -0.059270 )
( 2.307309, 0.830535, -0.059342 )
( 2.325496, 0.850908, -0.059126 )
( 2.340053, 0.900000, -0.058149 )
( 2.325495, 0.949094, -0.057174 )
( 2.307685, 0.969152, -0.057009 )
( 2.281550, 0.984346, -0.057014 )
( 2.251859, 0.990035, -0.057019 )
( 1.475754, 0.973259, -0.058936 )
( 0.710206, 0.962698, -0.060982 )