-0.800000
0.000000
-1.700000
( 0.592012, 1.004129, -0.030075 )
( -0.410419, 0.998816, -0.018037 )
( -0.930664, 0.998254, 0.000033 )
( -1.355789, 0.993551, 0.022186 )
( -1.718247, 0.988185, 0.067706 )
( -1.750793, 0.974362, 0.069763 )
( -1.775508, 0.949072, 0.071821 )
( -1.790053, 0.900000, 0.071922 )
( -1.775512, 0.850934, 0.071977 )
( -1.730542, 0.788425, 0.043456 )
( -1.707644, 0.769336, 0.032158 )
( -1.676024, 0.766271, 0.030050 )
( -1.153892, 0.708495, -0.012149 )
( -0.512268, 0.661490, -0.058267 )
( -0.175271, 0.644104, -0.076734 )
( -0.117601, 0.641532, -0.078944 )
( -0.034781, 0.636693, -0.082700 )
( 0.024904, 0.633474, -0.085372 )
( 0.375006, 0.612977, -0.101282 )
( 0.434516, 0.610414, -0.103187 )
( 1.017169, 0.579915, -0.125299 )
( 1.327263, 0.563311, -0.135682 )
( 1.703967, 0.539966, -0.147878 )
( 1.744684, 0.528185, -0.147922 )
( 1.775501, 0.499084, -0.147967 )
( 1.790053, 0.450000, -0.149558 )
( 1.775506, 0.400923, -0.151150 )
( 1.757423, 0.380629, -0.151301 )
( 1.728753, 0.364660, -0.151142 )
( 1.696264, 0.360024, -0.150982 )
( 1.346477, 0.432768, -0.134371 )
( 0.933851, 0.513235, -0.111515 )
( 0.469991, 0.599801, -0.089367 )
( 0.411285, 0.609458, -0.085824 )
( 0.353468, 0.619637, -0.084005 )
( 0.229506, 0.641396, -0.080396 )
( 0.171948, 0.650945, -0.078508 )
( 0.065700, 0.668656, -0.075251 )
( 0.010094, 0.678318, -0.074148 )
( -0.355975, 0.744421, -0.065047 )
( -0.809992, 0.819383, -0.047431 )
( -1.202137, 0.890000, -0.035445 )
( -1.708538, 0.989648, -0.030904 )
( -1.734541, 0.983166, -0.030211 )
( -1.757507, 0.969301, -0.029807 )
( -1.775504, 0.949079, -0.029794 )
( -1.790053, 0.900000, -0.030859 )
( -1.775507, 0.850925, -0.031764 )
( -1.755286, 0.828915, -0.031739 )
( -1.706542, 0.792470, 0.026442 )
( -1.698076, 0.772330, 0.050174 )
( -1.705635, 0.741879, 0.052776 )
( -1.790053, 0.450000, 0.103770 )
( -1.775499, 0.400912, 0.103981 )
( -1.757431, 0.380636, 0.103878 )
( -1.734383, 0.366768, 0.103879 )
( -1.707638, 0.360271, 0.103874 )
( -1.541894, 0.358058, 0.102232 )
( -0.916295, 0.358882, 0.096501 )
( -0.417390, 0.361264, 0.092483 )
( 0.579282, 0.362887, 0.086810 )
( 0.931196, 0.360925, 0.084578 )
( 1.329830, 0.358590, 0.081901 )
( 1.708220, 0.360322, 0.079117 )
( 1.734615, 0.366865, 0.078736 )
( 1.757519, 0.380709, 0.078736 )
( 1.775497, 0.400910, 0.078727 )
( 1.790053, 0.450000, 0.078886 )
( 1.775506, 0.499074, 0.078857 )
( 1.692286, 0.770494, -0.002891 )
( 1.690436, 0.801593, -0.025301 )
( 1.728913, 0.814714, -0.067601 )
( 1.755260, 0.828895, -0.067633 )
( 1.775507, 0.850925, -0.067414 )
( 1.790053, 0.900000, -0.067574 )
( 1.775501, 0.949084, -0.067735 )
( 1.757298, 0.969474, -0.067702 )
( 1.733757, 0.983487, -0.067719 )
( 1.707632, 0.989730, -0.067726 )
( 1.400994, 0.932537, -0.065576 )
( 0.686206, 0.797930, -0.060826 )
( 0.086142, 0.680140, -0.059130 )
( 0.031786, 0.670105, -0.059782 )
( -0.094216, 0.648240, -0.062227 )
( -0.152316, 0.638128, -0.063388 )
( -0.210108, 0.627386, -0.066021 )
( -0.571365, 0.561827, -0.080860 )
( -1.142404, 0.457583, -0.102320 )
( -1.695864, 0.360041, -0.121552 )
( -1.728470, 0.364565, -0.121723 )
( -1.757271, 0.380504, -0.121894 )
( -1.775501, 0.400916, -0.121787 )
( -1.790053, 0.450000, -0.120544 )
( -1.775501, 0.499085, -0.119300 )
( -1.757607, 0.519218, -0.119307 )
( -1.732058, 0.534154, -0.119595 )
( -1.703046, 0.540002, -0.119930 )
( -1.531402, 0.549571, -0.122098 )
( -1.157271, 0.570861, -0.122756 )
( -0.528355, 0.607666, -0.114758 )
( -0.011464, 0.640638, -0.101152 )
( 0.048256, 0.645167, -0.098783 )
( 0.167692, 0.653806, -0.094214 )
( 0.225713, 0.658701, -0.089971 )
( 0.622723, 0.682423, -0.079603 )
( 1.106380, 0.719798, -0.054605 )
( 1.671849, 0.764434, -0.037448 )
( 1.697450, 0.775524, -0.023795 )
( 1.718585, 0.794812, -0.010054 )
( 1.775509, 0.850929, 0.031159 )
( 1.790053, 0.900000, 0.031735 )
( 1.775513, 0.949065, 0.031892 )
( 1.751917, 0.973582, 0.031380 )
( 1.720907, 0.987593, 0.030868 )
( 1.246605, 0.999650, -0.002203 )
( 0.611834, 1.002917, -0.027565 )