-1.257143
0.000000
-2.157143
( -0.333588, 0.113653, 0.022359 )
( 0.235637, 0.112365, 0.023191 )
( 0.958147, 0.104867, 0.022156 )
( 2.164315, 0.089768, 0.025688 )
( 2.190442, 0.083671, 0.025508 )
( 2.214443, 0.069472, 0.026205 )
( 2.232638, 0.049093, 0.027330 )
( 2.247196, 0.000000, 0.029835 )
( 2.232643, -0.049086, 0.032340 )
( 2.214558, -0.069377, 0.033288 )
( 2.190048, -0.083827, 0.033740 )
( 2.165886, -0.089628, 0.032435 )
( 2.083537, -0.103232, 0.028563 )
( 2.052121, -0.108207, 0.027624 )
( 1.637865, -0.179172, 0.013451 )
( 0.872159, -0.306094, -0.012242 )
( 0.038119, -0.439740, -0.041069 )
( -0.019163, -0.448870, -0.042280 )
( -0.919871, -0.601976, -0.062031 )
( -2.191169, -0.816622, -0.096048 )
( -2.214773, -0.830801, -0.095329 )
( -2.232642, -0.850913, -0.095327 )
( -2.247196, -0.900000, -0.095212 )
( -2.240965, -0.932917, -0.095225 )
( -2.223131, -0.961280, -0.095237 )
( -2.200573, -0.978889, -0.093843 )
( -2.172869, -0.988670, -0.091575 )
( -2.144848, -0.989210, -0.088257 )
( -2.119208, -0.981674, -0.084123 )
( -2.096938, -0.966971, -0.080719 )
( -2.078870, -0.944531, -0.079237 )
( -2.068976, -0.918335, -0.079461 )
( -2.067198, -0.895574, -0.075863 )
( -2.066359, -0.604798, -0.031300 )
( -2.064677, -0.451194, -0.007782 )
( -2.067322, 0.456475, 0.130821 )
( -2.082277, 0.500047, 0.131129 )
( -2.242559, 0.871475, 0.105053 )
( -2.247196, 0.900000, 0.105061 )
( -2.242420, 0.928938, 0.104739 )
( -2.224832, 0.959395, 0.105730 )
( -2.196920, 0.980793, 0.106721 )
( -2.170296, 0.989088, 0.108740 )
( -1.950148, 0.985560, 0.118710 )
( -1.347773, 0.975920, 0.135246 )
( -0.775720, 0.960191, 0.143793 )
( -0.127374, 0.937077, 0.143448 )
( 0.854510, 0.915621, 0.126170 )
( 1.897589, 0.972902, 0.104599 )
( 2.156304, 0.990050, 0.096983 )
( 2.183236, 0.986191, 0.097886 )
( 2.207387, 0.974734, 0.095110 )
( 2.227308, 0.956450, 0.093071 )
( 2.242079, 0.929925, 0.092144 )
( 2.247196, 0.900000, 0.091217 )
( 2.242560, 0.871476, 0.091217 )
( 2.081461, 0.498804, 0.123050 )
( 2.067519, 0.458788, 0.124049 )
( 2.067182, -0.089598, 0.045981 )
( 2.067160, -0.120712, 0.040993 )
( 2.067089, -0.450077, -0.018128 )
( 2.067188, -0.769734, -0.074572 )
( 2.067222, -0.800685, -0.080028 )
( 2.067458, -0.908135, -0.099083 )
( 2.077026, -0.941120, -0.106171 )
( 2.102711, -0.971741, -0.102397 )
( 2.126825, -0.984797, -0.106789 )
( 2.154449, -0.990013, -0.109689 )
( 2.182739, -0.986339, -0.110549 )
( 2.211025, -0.972155, -0.108514 )
( 2.232658, -0.949063, -0.106478 )
( 2.247196, -0.900000, -0.104745 )
( 2.232643, -0.850914, -0.103032 )
( 2.214437, -0.830523, -0.102402 )
( 2.191293, -0.816673, -0.102377 )
( 2.077870, -0.798188, -0.098091 )
( 2.046496, -0.793278, -0.096329 )
( 1.274124, -0.665048, -0.070338 )
( 0.766239, -0.581022, -0.051620 )
( 0.003656, -0.452600, -0.027142 )
( -0.054109, -0.443721, -0.025330 )
( -0.688522, -0.335812, -0.015434 )
( -1.633897, -0.176679, -0.004931 )
( -2.190402, -0.083687, 0.001302 )
( -2.214873, -0.069115, 0.001503 )
( -2.232643, -0.049085, 0.001873 )
( -2.247196, 0.000000, 0.002675 )
( -2.232637, 0.049095, 0.003475 )
( -2.213905, 0.069912, 0.003671 )
( -2.185740, 0.085392, 0.003653 )
( -2.153931, 0.089996, 0.003635 )
( -1.855470, 0.095527, 0.007782 )
( -1.176919, 0.105976, 0.015563 )
( -0.353771, 0.112195, 0.020741 )