-1.200000
0.000000
-2.100000
( -0.416423, 0.089812, -0.067977 )
( 0.732420, 0.087686, -0.056505 )
( 1.632511, 0.087117, -0.045767 )
( 2.108299, 0.089671, -0.043823 )
( 2.134340, 0.083249, -0.043342 )
( 2.157344, 0.069436, -0.043335 )
( 2.175500, 0.049086, -0.043918 )
( 2.190053, 0.000000, -0.045662 )
( 2.175520, -0.049055, -0.047408 )
( 2.154504, -0.071686, -0.048112 )
( 2.127078, -0.085886, -0.048871 )
( 2.105898, -0.089860, -0.051479 )
( 2.078595, -0.087473, -0.050183 )
( 1.564552, 0.007408, -0.033895 )
( 0.749108, 0.166627, -0.014497 )
( 0.013730, 0.315676, -0.003548 )
( -0.042400, 0.326960, -0.002716 )
( -0.790233, 0.495934, 0.008263 )
( -1.714735, 0.715500, 0.030455 )
( -2.132443, 0.815993, 0.036639 )
( -2.156012, 0.829486, 0.038487 )
( -2.175508, 0.850926, 0.039058 )
( -2.190053, 0.900000, 0.039843 )
( -2.175498, 0.949088, 0.040625 )
( -2.157649, 0.969183, 0.040854 )
( -2.134769, 0.983071, 0.040558 )
( -2.108693, 0.989633, 0.040342 )
( -1.657701, 0.976898, 0.040197 )
( -0.854104, 0.956917, 0.039354 )
( 0.189026, 0.945024, 0.037467 )
( 1.348471, 0.964438, 0.033881 )
( 2.108815, 0.989621, 0.031978 )
( 2.134804, 0.983056, 0.032184 )
( 2.157681, 0.969156, 0.032361 )
( 2.175500, 0.949086, 0.032752 )
( 2.190053, 0.900000, 0.034167 )
( 2.175508, 0.850927, 0.035583 )
( 2.156133, 0.829582, 0.036484 )
( 2.132399, 0.815976, 0.035213 )
( 1.464941, 0.642437, 0.019886 )
( 0.482946, 0.427350, -0.009317 )
( -0.008408, 0.318870, -0.022958 )
( -0.063575, 0.305023, -0.024599 )
( -0.993627, 0.104918, -0.049266 )
( -1.053664, 0.093249, -0.050371 )
( -1.113658, 0.082107, -0.051469 )
( -1.496695, 0.012951, -0.058466 )
( -2.074774, -0.086448, -0.065238 )
( -2.101772, -0.090036, -0.066274 )
( -2.129347, -0.085138, -0.065885 )
( -2.155439, -0.070966, -0.065481 )
( -2.175505, -0.049078, -0.065077 )
( -2.190053, -0.000000, -0.064576 )
( -2.175498, 0.049088, -0.064077 )
( -2.156820, 0.069866, -0.064097 )
( -2.133564, 0.083565, -0.064101 )
( -2.107389, 0.089750, -0.064387 )
( -1.546647, 0.085300, -0.066475 )
( -1.068620, 0.086896, -0.066724 )
( -1.006547, 0.086382, -0.066877 )
( -0.436532, 0.088065, -0.065602 )