-1.228571
0.000000
-2.128571
( 0.094992, 0.045952, 0.009271 )
( 0.821994, 0.046126, -0.002677 )
( 1.482100, 0.061362, -0.002307 )
( 2.142391, 0.088987, 0.032772 )
( 2.185431, 0.069833, 0.032262 )
( 2.204075, 0.049080, 0.031183 )
( 2.218624, 0.000000, 0.028163 )
( 2.204073, -0.049083, 0.025142 )
( 2.186014, -0.069354, 0.024234 )
( 2.163055, -0.083190, 0.021734 )
( 2.137014, -0.089657, 0.020973 )
( 0.809166, -0.299576, -0.006644 )
( 0.056763, -0.435247, -0.030144 )
( -0.002606, -0.445571, -0.031562 )
( -1.010377, -0.619880, -0.050961 )
( -1.574928, -0.717855, -0.064088 )
( -2.161305, -0.816106, -0.078953 )
( -2.185614, -0.830317, -0.079048 )
( -2.204071, -0.850914, -0.079038 )
( -2.218624, -0.900000, -0.079223 )
( -2.204064, -0.949097, -0.079408 )
( -2.184624, -0.970482, -0.079463 )
( -2.157931, -0.985133, -0.079497 )
( -2.127881, -0.990051, -0.079532 )
( -1.573110, -0.993580, -0.080859 )
( -0.152259, -1.001701, -0.084355 )
( 0.652502, -1.001540, -0.086834 )
( 2.128613, -0.990054, -0.092594 )
( 2.158367, -0.984982, -0.092251 )
( 2.184773, -0.970363, -0.091909 )
( 2.204065, -0.949096, -0.090927 )
( 2.218624, -0.900000, -0.088317 )
( 2.204071, -0.850913, -0.085705 )
( 2.185281, -0.830046, -0.084752 )
( 2.161847, -0.816320, -0.084180 )
( 1.934786, -0.776717, -0.076243 )
( 1.418240, -0.686785, -0.057577 )
( 0.650327, -0.553231, -0.031308 )
( 0.051211, -0.452959, -0.016857 )
( -0.007852, -0.443256, -0.016177 )
( -1.465796, -0.193399, 0.007781 )
( -2.163047, -0.083193, 0.009628 )
( -2.186003, -0.069363, 0.010431 )
( -2.204075, -0.049080, 0.010862 )
( -2.218624, -0.000000, 0.011612 )
( -2.204077, 0.049077, 0.012362 )
( -2.185294, 0.069944, 0.012789 )
( -2.160999, 0.084013, 0.013217 )
( -2.134471, 0.089860, 0.013395 )
( -1.763465, 0.074136, 0.019724 )
( -1.152695, 0.056055, 0.023674 )
( 0.068667, 0.050446, -0.001939 )