2.181428
0.000000
1.281428
( -0.456012, 0.960473, -0.064899 )
( -1.290411, 0.989605, -0.077976 )
( -1.318264, 0.982175, -0.078004 )
( -1.346812, 0.961924, -0.077988 )
( -1.365483, 0.932319, -0.077972 )
( -1.371324, 0.905328, -0.076675 )
( -1.368712, 0.877837, -0.075378 )
( -1.357193, 0.851323, -0.073196 )
( -1.337867, 0.829827, -0.071014 )
( -1.299414, 0.811761, -0.070055 )
( -0.768912, 0.705379, -0.067411 )
( -0.007047, 0.459594, -0.019735 )
( 0.042940, 0.443813, -0.015925 )
( 0.807005, 0.237396, 0.015426 )
( 1.302930, 0.087449, 0.058191 )
( 1.338129, 0.069961, 0.064724 )
( 1.366072, 0.030740, 0.071941 )
( 1.369130, -0.020446, 0.076188 )
( 1.356809, -0.049269, 0.075139 )
( 1.335352, -0.072124, 0.074090 )
( 1.310568, -0.085209, 0.072438 )
( 0.776210, -0.254703, 0.042445 )
( 0.012143, -0.465033, -0.003524 )
( -0.038374, -0.480493, -0.005885 )
( -0.785705, -0.699193, -0.032306 )
( -1.311546, -0.815132, -0.047498 )
( -1.346739, -0.837999, -0.047044 )
( -1.365770, -0.868440, -0.047482 )
( -1.368957, -0.921171, -0.047649 )
( -1.345417, -0.963364, -0.046542 )
( -1.321320, -0.980736, -0.046597 )
( -1.294764, -0.989061, -0.046622 )
( -0.757227, -0.980560, -0.048227 )
( 0.704416, -0.981704, -0.061064 )
( 1.293665, -0.989218, -0.063180 )
( 1.321168, -0.980811, -0.063207 )
( 1.344916, -0.963866, -0.063394 )
( 1.362001, -0.940220, -0.063581 )
( 1.371122, -0.908048, -0.062922 )
( 1.364518, -0.865276, -0.060560 )
( 1.346072, -0.837303, -0.056461 )
( 1.312311, -0.815407, -0.050879 )
( 0.832988, -0.705541, -0.021616 )
( 0.008039, -0.473977, 0.011042 )
( -0.043283, -0.460179, 0.012299 )
( -0.763564, -0.261241, 0.029621 )
( -1.313906, -0.083993, 0.032754 )
( -1.338130, -0.069961, 0.032750 )
( -1.361051, -0.042070, 0.030438 )
( -1.371176, -0.007418, 0.028126 )
( -1.367290, 0.027155, 0.026993 )
( -1.342487, 0.066192, 0.030124 )
( -1.306865, 0.086387, 0.036280 )
( -0.819739, 0.231117, 0.009498 )
( -0.028910, 0.443908, -0.002971 )
( 0.021742, 0.456287, -0.003525 )
( 0.754138, 0.697162, -0.056152 )
( 1.302217, 0.812378, -0.058428 )
( 1.335407, 0.827917, -0.055273 )
( 1.355144, 0.848274, -0.053643 )
( 1.367575, 0.873761, -0.052012 )
( 1.371009, 0.909216, -0.050858 )
( 1.364272, 0.935307, -0.049788 )
( 1.340592, 0.967892, -0.048186 )
( 1.317646, 0.982450, -0.048173 )
( 1.274059, 0.989752, -0.048660 )
( 0.773687, 0.975368, -0.055203 )
( -0.436296, 0.964256, -0.067355 )