-1.351429
0.851429
-2.251429
( -0.116160, 1.359234, -0.221851 )
( 0.539410, 1.438930, -0.240042 )
( 0.589624, 1.443144, -0.237665 )
( 0.624299, 1.446282, -0.235813 )
( 0.681448, 1.454718, -0.231532 )
( 1.459822, 1.642267, -0.247231 )
( 2.233794, 1.839739, -0.270640 )
( 2.260545, 1.841020, -0.269459 )
( 2.286386, 1.834420, -0.265675 )
( 2.309195, 1.820513, -0.262033 )
( 2.326980, 1.800434, -0.258708 )
( 2.341481, 1.751429, -0.252935 )
( 2.326938, 1.702357, -0.247084 )
( 2.169713, 1.398005, -0.193869 )
( 2.005287, 0.916771, -0.115046 )
( 2.000483, 0.886325, -0.111551 )
( 1.997953, 0.869518, -0.109613 )
( 1.974996, 0.798018, -0.098090 )
( 1.966272, 0.769633, -0.090858 )
( 1.951258, 0.744687, -0.082266 )
( 1.914772, 0.716034, -0.071350 )
( 1.602593, 0.572757, -0.028507 )
( 1.035002, 0.471251, -0.039829 )
( 0.981087, 0.472643, -0.057451 )
( 0.941737, 0.480866, -0.066706 )
( 0.892479, 0.504322, -0.073641 )
( 0.591992, 0.649160, -0.112401 )
( 0.001753, 0.939354, -0.143001 )
( -0.600295, 1.303444, -0.188972 )
( -0.634532, 1.330578, -0.192162 )
( -0.714415, 1.334164, -0.207776 )
( -0.764096, 1.323738, -0.211509 )
( -1.357559, 1.168865, -0.217622 )
( -1.938363, 1.007826, -0.174926 )
( -1.963740, 1.012863, -0.158631 )
( -1.957536, 0.987200, -0.145527 )
( -1.946906, 0.955311, -0.129075 )
( -1.937290, 0.900545, -0.120583 )
( -1.920045, 0.848588, -0.120319 )
( -1.900394, 0.794845, -0.118017 )
( -1.878252, 0.754139, -0.134586 )
( -1.898388, 0.732711, -0.127965 )
( -2.285044, 0.135086, -0.021147 )
( -2.326938, 0.049071, -0.014166 )
( -2.341481, 0.000000, -0.013257 )
( -2.326934, -0.049078, -0.012357 )
( -2.309101, -0.069163, -0.012217 )
( -2.286093, -0.083115, -0.012220 )
( -2.260060, -0.089639, -0.012869 )
( -2.233290, -0.088208, -0.012260 )
( -1.455342, 0.166072, -0.061410 )
( -0.894097, 0.338393, -0.064040 )
( -0.841472, 0.354236, -0.062621 )
( -0.785996, 0.363581, -0.062672 )
( -0.728845, 0.372614, -0.061940 )
( -0.671874, 0.381378, -0.060914 )
( 0.254169, 0.463388, -0.053758 )
( 0.896869, 0.498640, -0.056704 )
( 0.951167, 0.493051, -0.058833 )
( 0.999108, 0.484816, -0.060894 )
( 1.048367, 0.465618, -0.060588 )
( 1.370890, 0.335747, -0.056275 )
( 2.233366, -0.088224, -0.022765 )
( 2.260164, -0.089629, -0.023431 )
( 2.286209, -0.083066, -0.022852 )
( 2.309116, -0.069150, -0.022805 )
( 2.326929, -0.049085, -0.023114 )
( 2.341481, 0.000000, -0.024025 )
( 2.326930, 0.049084, -0.024934 )
( 2.121927, 0.347651, -0.068298 )
( 1.928646, 0.714847, -0.097087 )
( 1.942616, 0.756694, -0.087999 )
( 1.970228, 0.823432, -0.095017 )
( 2.004463, 0.865307, -0.091161 )
( 2.020339, 0.901077, -0.112606 )
( 2.003222, 0.905343, -0.137114 )
( 1.710348, 1.014914, -0.256876 )
( 1.375565, 1.168002, -0.256505 )
( 1.025293, 1.327497, -0.277642 )
( 0.691473, 1.459161, -0.252990 )
( 0.614154, 1.467591, -0.231121 )
( 0.574717, 1.447248, -0.224103 )
( 0.535972, 1.415606, -0.222415 )
( 0.208836, 1.135092, -0.210385 )
( -0.250979, 0.739413, -0.162719 )
( -0.513310, 0.502789, -0.118358 )
( -0.687401, 0.391733, -0.086226 )
( -0.732772, 0.364670, -0.075917 )
( -0.784286, 0.345684, -0.065709 )
( -0.839895, 0.344732, -0.049477 )
( -0.892166, 0.355880, -0.044051 )
( -1.223237, 0.420577, -0.022899 )
( -1.482419, 0.515423, -0.048262 )
( -1.881110, 0.743711, -0.114657 )
( -1.899386, 0.766473, -0.122282 )
( -1.909678, 0.781243, -0.127396 )
( -1.939788, 0.852776, -0.133779 )
( -1.942055, 0.909063, -0.142545 )
( -1.947621, 0.948118, -0.145358 )
( -1.942662, 1.004924, -0.155909 )
( -1.936490, 1.043114, -0.158743 )
( -2.175438, 1.507751, -0.219046 )
( -2.326943, 1.702365, -0.227738 )
( -2.341481, 1.751429, -0.229438 )
( -2.327003, 1.800399, -0.231100 )
( -2.308996, 1.820679, -0.232213 )
( -2.286117, 1.834533, -0.233385 )
( -2.260004, 1.841073, -0.234926 )
( -2.233265, 1.839631, -0.235420 )
( -1.539821, 1.597712, -0.201571 )
( -0.762951, 1.341342, -0.193257 )
( -0.715121, 1.322398, -0.195293 )
( -0.632807, 1.312628, -0.204262 )
( -0.588528, 1.312088, -0.206865 )
( -0.136004, 1.356477, -0.221764 )