-1.778571
0.000000
-2.678571
( -0.195372, 0.798174, -0.097839 )
( 0.181530, 0.807962, -0.096028 )
( 0.968862, 0.823970, -0.088178 )
( 1.028755, 0.824078, -0.087203 )
( 1.088006, 0.824543, -0.085028 )
( 1.148766, 0.825473, -0.082613 )
( 1.207930, 0.826375, -0.080245 )
( 1.268553, 0.827948, -0.077626 )
( 1.889586, 0.856674, -0.054849 )
( 2.558082, 0.957209, -0.024570 )
( 2.595117, 0.968538, -0.023090 )
( 2.632336, 0.977879, -0.015534 )
( 2.660444, 0.988210, -0.013139 )
( 2.687318, 0.989628, -0.010364 )
( 2.713212, 0.983124, -0.006715 )
( 2.736324, 0.969096, -0.005525 )
( 2.754092, 0.949054, -0.007727 )
( 2.768624, 0.900000, -0.015159 )
( 2.754081, 0.850930, -0.024883 )
( 2.595359, 0.484427, -0.142747 )
( 2.588968, 0.458982, -0.150565 )
( 2.595281, 0.415763, -0.167983 )
( 2.624863, 0.347200, -0.193947 )
( 2.754078, 0.049074, -0.306689 )
( 2.768624, 0.000000, -0.314354 )
( 2.754082, -0.049069, -0.315866 )
( 2.736287, -0.069128, -0.315802 )
( 2.713261, -0.083104, -0.315072 )
( 2.687350, -0.089625, -0.312856 )
( 2.660648, -0.088252, -0.310165 )
( 2.185270, 0.012801, -0.288175 )
( 1.645124, 0.133258, -0.260340 )
( 1.119322, 0.251077, -0.230612 )
( 0.799806, 0.322689, -0.210266 )
( 0.290700, 0.440192, -0.174243 )
( -0.074430, 0.532739, -0.147936 )
( -0.126093, 0.548254, -0.143149 )
( -0.633478, 0.677307, -0.111952 )
( -0.973422, 0.774776, -0.090850 )
( -1.030891, 0.788118, -0.091115 )
( -1.088950, 0.796589, -0.093965 )
( -1.147541, 0.802094, -0.098180 )
( -1.206428, 0.803550, -0.103061 )
( -1.323467, 0.809327, -0.109768 )
( -2.687265, 0.810367, -0.211562 )
( -2.713295, 0.816910, -0.212673 )
( -2.739473, 0.833663, -0.211399 )
( -2.758397, 0.858317, -0.210046 )
( -2.767359, 0.884954, -0.206085 )
( -2.767818, 0.912021, -0.200366 )
( -2.759752, 0.938977, -0.192493 )
( -2.728825, 0.974722, -0.158437 )
( -2.706904, 0.985475, -0.139579 )
( -2.683808, 0.989895, -0.119808 )
( -2.657873, 0.987634, -0.090114 )
( -2.599604, 0.967186, -0.015087 )
( -2.590046, 0.947759, 0.008483 )
( -2.588627, 0.445589, 0.289844 )
( -2.593686, 0.419933, 0.298722 )
( -2.758059, 0.042324, 0.238603 )
( -2.768625, -0.000000, 0.235192 )
( -2.763992, -0.028511, 0.235193 )
( -2.751356, -0.053029, 0.234574 )
( -2.732369, -0.072218, 0.234359 )
( -2.683278, -0.089931, 0.234982 )
( -2.372471, -0.087108, 0.234846 )
( -1.490569, -0.097556, 0.239810 )
( -1.264360, -0.098473, 0.241467 )
( -0.560210, -0.094419, 0.247304 )
( -0.019170, -0.082218, 0.249700 )
( 0.789775, -0.047634, 0.250054 )
( 0.997060, -0.043648, 0.249088 )
( 1.879388, -0.051987, 0.240175 )
( 2.252011, -0.063907, 0.237234 )
( 2.680985, -0.090021, 0.232333 )
( 2.708541, -0.084920, 0.232106 )
( 2.733010, -0.071736, 0.232429 )
( 2.751817, -0.052391, 0.233754 )
( 2.763991, -0.028516, 0.235771 )
( 2.768625, -0.000000, 0.235772 )
( 2.763994, 0.028507, 0.236073 )
( 2.736839, 0.091360, 0.227807 )
( 2.592168, 0.424620, 0.183687 )
( 2.566508, 0.959243, 0.010145 )
( 2.579262, 0.969414, -0.008640 )
( 2.594903, 0.981340, -0.031970 )
( 2.669895, 0.989627, -0.112892 )
( 2.700154, 0.987423, -0.143650 )
( 2.723042, 0.978300, -0.165344 )
( 2.742592, 0.963325, -0.186920 )
( 2.760514, 0.937349, -0.212021 )
( 2.768625, 0.900000, -0.217060 )
( 2.754090, 0.850943, -0.220441 )
( 2.736266, 0.830855, -0.220821 )
( 2.713361, 0.816938, -0.220542 )
( 2.687331, 0.810373, -0.219109 )
( 1.371077, 0.838169, -0.101266 )
( 1.254094, 0.844223, -0.088506 )
( 1.195609, 0.844514, -0.083812 )
( 1.138543, 0.841176, -0.079909 )
( 1.079129, 0.837710, -0.075855 )
( 1.021514, 0.828132, -0.072107 )
( 0.964280, 0.815482, -0.070751 )
( 0.565558, 0.714258, -0.096255 )
( 0.295292, 0.649760, -0.123013 )
( -0.072006, 0.562561, -0.154386 )
( -0.148116, 0.546588, -0.159842 )
( -0.351974, 0.495395, -0.174473 )
( -0.728629, 0.405456, -0.197530 )
( -0.985682, 0.344100, -0.213638 )
( -1.265479, 0.275576, -0.232007 )
( -1.658335, 0.175276, -0.260600 )
( -2.384203, -0.019455, -0.326208 )
( -2.660488, -0.088219, -0.351127 )
( -2.687188, -0.089640, -0.353544 )
( -2.713315, -0.083081, -0.355908 )
( -2.736323, -0.069097, -0.356998 )
( -2.754082, -0.049070, -0.357150 )
( -2.768624, 0.000000, -0.353542 )
( -2.754078, 0.049073, -0.342713 )
( -2.595818, 0.414487, -0.160082 )
( -2.588525, 0.450955, -0.142190 )
( -2.592499, 0.476476, -0.131346 )
( -2.754086, 0.850939, 0.028491 )
( -2.768624, 0.900000, 0.031366 )
( -2.754094, 0.949051, 0.029007 )
( -2.736277, 0.969136, 0.026197 )
( -2.713655, 0.982938, 0.020596 )
( -2.688170, 0.989540, 0.013775 )
( -2.661591, 0.988438, 0.009431 )
( -2.636422, 0.979580, 0.005013 )
( -2.603090, 0.953303, -0.001041 )
( -2.616177, 0.940337, -0.016061 )
( -2.599835, 0.943686, -0.009536 )
( -2.579187, 0.939622, -0.015018 )
( -1.774246, 0.856435, -0.060235 )
( -1.221470, 0.789691, -0.096554 )
( -1.161856, 0.786368, -0.100310 )
( -1.102171, 0.784220, -0.103097 )
( -1.041925, 0.783304, -0.105852 )
( -0.983228, 0.782474, -0.108485 )
( -0.215390, 0.797694, -0.098007 )