-1.297143
0.000000
-2.197143
( -0.357710, 0.101449, -0.055423 )
( 0.188854, 0.101919, -0.050616 )
( 0.990757, 0.097918, -0.045120 )
( 1.368903, 0.095829, -0.043457 )
( 2.204527, 0.089751, -0.042430 )
( 2.230982, 0.083454, -0.042351 )
( 2.254090, 0.069762, -0.042150 )
( 2.272643, 0.049086, -0.041762 )
( 2.287196, -0.000000, -0.040590 )
( 2.272666, -0.049050, -0.039416 )
( 2.251585, -0.071733, -0.039208 )
( 2.224068, -0.085934, -0.039000 )
( 2.197048, -0.090054, -0.038256 )
( 2.169829, -0.085811, -0.037862 )
( 1.453188, 0.055757, -0.022050 )
( 0.617148, 0.229530, -0.006515 )
( -0.051786, 0.369215, 0.005082 )
( -0.946999, 0.551957, 0.019180 )
( -2.231497, 0.816757, 0.036338 )
( -2.254614, 0.830669, 0.037405 )
( -2.272646, 0.850919, 0.037753 )
( -2.287196, 0.900000, 0.038586 )
( -2.272654, 0.949068, 0.039419 )
( -2.248376, 0.974059, 0.041900 )
( -2.216429, 0.987964, 0.044381 )
( -2.187974, 0.989586, 0.047735 )
( -2.160739, 0.982368, 0.050570 )
( -2.136912, 0.966947, 0.051341 )
( -2.119753, 0.946048, 0.050490 )
( -2.108177, 0.913954, 0.053780 )
( -2.107130, 0.897276, 0.056069 )
( -2.105482, 0.667204, 0.090082 )
( -2.107633, 0.006009, 0.187792 )
( -2.107228, -0.454995, 0.255901 )
( -2.122263, -0.500027, 0.257976 )
( -2.282560, -0.871477, 0.240488 )
( -2.287196, -0.900000, 0.240537 )
( -2.272610, -0.949135, 0.240763 )
( -2.246094, -0.975587, 0.243726 )
( -2.218882, -0.987390, 0.245258 )
( -2.192195, -0.989918, 0.244143 )
( -1.907901, -0.971639, 0.259425 )
( -1.263979, -0.948494, 0.283658 )
( -0.588319, -0.931613, 0.290347 )
( 0.056440, -0.922317, 0.286812 )
( 0.937569, -0.932856, 0.274344 )
( 1.935961, -0.971538, 0.249306 )
( 2.208144, -0.989379, 0.245015 )
( 2.233789, -0.982260, 0.240720 )
( 2.263838, -0.960509, 0.236441 )
( 2.282571, -0.928491, 0.232163 )
( 2.287196, -0.900000, 0.232171 )
( 2.282560, -0.871475, 0.232143 )
( 2.123309, -0.501558, 0.258582 )
( 2.107452, -0.458077, 0.257941 )
( 2.107103, 0.001561, 0.187884 )
( 2.107655, 0.657897, 0.087864 )
( 2.108160, 0.913845, 0.048928 )
( 2.123734, 0.952162, 0.047183 )
( 2.144841, 0.973309, 0.046861 )
( 2.170303, 0.985961, 0.044040 )
( 2.198436, 0.990044, 0.039964 )
( 2.226109, 0.985268, 0.036236 )
( 2.251278, 0.971966, 0.033893 )
( 2.272655, 0.949067, 0.031293 )
( 2.287196, 0.900000, 0.030657 )
( 2.272650, 0.850926, 0.030017 )
( 2.254791, 0.830816, 0.029207 )
( 2.230678, 0.816423, 0.027841 )
( 0.966555, 0.569319, 0.003527 )
( -0.057821, 0.362373, -0.017778 )
( -0.354981, 0.301325, -0.024616 )
( -1.332951, 0.098495, -0.047689 )
( -1.392426, 0.084038, -0.050000 )
( -2.167340, -0.084979, -0.071957 )
( -2.196727, -0.090053, -0.073383 )
( -2.223510, -0.086107, -0.073794 )
( -2.251340, -0.071919, -0.073616 )
( -2.272649, -0.049076, -0.073439 )
( -2.287196, -0.000000, -0.072869 )
( -2.272641, 0.049089, -0.072301 )
( -2.254152, 0.069711, -0.072245 )
( -2.230680, 0.083576, -0.072266 )
( -2.204135, 0.089782, -0.072220 )
( -1.971679, 0.092752, -0.069855 )
( -1.379831, 0.094950, -0.065658 )
( -1.319134, 0.097065, -0.064110 )
( -0.377740, 0.101860, -0.055312 )