-1.080000
0.000000
-1.980000
( 0.158396, 0.760018, -0.088172 )
( 0.471256, 0.754254, -0.088600 )
( 0.917269, 0.749054, -0.094182 )
( 1.467757, 0.755075, -0.094524 )
( 1.526401, 0.755128, -0.094132 )
( 1.584456, 0.758915, -0.090836 )
( 1.632022, 0.762526, -0.087593 )
( 1.730485, 0.769473, -0.081847 )
( 1.776783, 0.790703, -0.066661 )
( 1.815479, 0.801346, -0.057799 )
( 1.857949, 0.824310, -0.042369 )
( 1.878263, 0.859989, -0.019656 )
( 1.896102, 0.932717, 0.019778 )
( 1.908846, 0.955194, 0.031106 )
( 1.927454, 0.973131, 0.044129 )
( 1.950915, 0.985225, 0.056753 )
( 1.977284, 0.990011, 0.069940 )
( 2.007126, 0.985869, 0.082509 )
( 2.031465, 0.973896, 0.093715 )
( 2.051186, 0.955154, 0.104859 )
( 2.065421, 0.928511, 0.117238 )
( 2.070054, 0.900000, 0.117661 )
( 2.065418, 0.871481, 0.117555 )
( 1.926678, 0.550940, 0.005427 )
( 1.896716, 0.484253, -0.018021 )
( 1.890352, 0.458521, -0.026284 )
( 1.891900, 0.431352, -0.035958 )
( 2.055499, 0.049085, -0.168566 )
( 2.070053, -0.000000, -0.170556 )
( 2.055507, -0.049074, -0.171266 )
( 2.037660, -0.069174, -0.171001 )
( 2.014496, -0.083185, -0.170224 )
( 1.988412, -0.089660, -0.169991 )
( 1.961662, -0.088167, -0.169295 )
( 1.519421, 0.021908, -0.157549 )
( 1.130907, 0.119326, -0.146829 )
( 0.650329, 0.243733, -0.132612 )
( 0.035608, 0.398827, -0.115433 )
( -0.016646, 0.415620, -0.113395 )
( -0.441505, 0.522840, -0.102353 )
( -0.908121, 0.629423, -0.090358 )
( -1.508323, 0.755559, -0.083372 )
( -1.566349, 0.767655, -0.082958 )
( -1.625849, 0.778136, -0.084625 )
( -1.687680, 0.789036, -0.086342 )
( -1.747446, 0.799240, -0.089346 )
( -1.802430, 0.804294, -0.091850 )
( -1.988227, 0.810323, -0.088686 )
( -2.014810, 0.816946, -0.088821 )
( -2.037693, 0.830854, -0.088157 )
( -2.055502, 0.850917, -0.087876 )
( -2.070053, 0.900000, -0.086169 )
( -2.055511, 0.949069, -0.084462 )
( -2.035171, 0.971174, -0.083944 )
( -2.008693, 0.985360, -0.083426 )
( -1.982128, 0.990028, -0.082286 )
( -1.948756, 0.984460, -0.079166 )
( -1.911697, 0.958687, -0.071677 )
( -1.869810, 0.882770, -0.029499 )
( -1.858731, 0.845647, -0.016955 )
( -1.858590, 0.800369, -0.010319 )
( -1.890430, -0.023061, 0.059897 )
( -1.891470, -0.466497, 0.095613 )
( -1.901652, -0.494398, 0.096810 )
( -2.055508, -0.850928, 0.112550 )
( -2.070053, -0.900000, 0.111574 )
( -2.055500, -0.949086, 0.110564 )
( -2.037602, -0.969222, 0.110546 )
( -2.014556, -0.983160, 0.109762 )
( -1.988337, -0.989667, 0.109696 )
( -1.506439, -0.985372, 0.108108 )
( -0.693559, -0.983933, 0.106560 )
( -0.156638, -0.985120, 0.106969 )
( 0.291106, -0.986193, 0.107888 )
( 0.990110, -0.987518, 0.110181 )
( 1.391669, -0.988393, 0.111932 )
( 1.988772, -0.989626, 0.115340 )
( 2.014800, -0.983058, 0.115917 )
( 2.037691, -0.969148, 0.116026 )
( 2.055499, -0.949087, 0.114779 )
( 2.070053, -0.900000, 0.112050 )
( 2.055509, -0.850928, 0.109330 )
( 1.970730, -0.653035, 0.109044 )
( 1.892429, -0.471001, 0.108744 )
( 1.885885, -0.139521, 0.077372 )
( 1.858751, 0.524493, 0.002812 )
( 1.844143, 0.826297, -0.035969 )
( 1.859281, 0.870300, -0.048052 )
( 1.906042, 0.951380, -0.079014 )
( 1.925413, 0.971623, -0.082939 )
( 1.948846, 0.984493, -0.086729 )
( 1.981925, 0.990033, -0.089512 )
( 2.008653, 0.985374, -0.089555 )
( 2.035155, 0.971187, -0.088716 )
( 2.055511, 0.949068, -0.087877 )
( 2.070053, 0.900000, -0.086095 )
( 2.055503, 0.850919, -0.084314 )
( 2.037717, 0.830874, -0.084541 )
( 2.014794, 0.816939, -0.085022 )
( 1.988743, 0.810372, -0.084586 )
( 1.774532, 0.796475, -0.081271 )
( 1.720103, 0.789769, -0.079503 )
( 1.660469, 0.780051, -0.079182 )
( 1.586244, 0.767380, -0.078420 )
( 1.526713, 0.756510, -0.077878 )
( 1.468745, 0.743918, -0.079230 )
( 0.693279, 0.567950, -0.102102 )
( 0.030478, 0.403661, -0.131441 )
( -0.022261, 0.388694, -0.133862 )
( -0.492010, 0.268838, -0.154180 )
( -1.002814, 0.142698, -0.173216 )
( -1.391826, 0.048626, -0.186680 )
( -1.961990, -0.088235, -0.207976 )
( -1.988788, -0.089624, -0.208858 )
( -2.014863, -0.083032, -0.209918 )
( -2.037717, -0.069126, -0.210809 )
( -2.055504, -0.049079, -0.210967 )
( -2.070053, -0.000000, -0.209742 )
( -2.055500, 0.049085, -0.205573 )
( -1.891367, 0.434080, -0.030488 )
( -1.890612, 0.460913, -0.019264 )
( -1.897628, 0.486393, -0.009307 )
( -1.985786, 0.689009, 0.057144 )
( -2.065419, 0.871482, 0.117352 )
( -2.070054, 0.900000, 0.117660 )
( -2.061249, 0.938835, 0.114683 )
( -2.036559, 0.970076, 0.111520 )
( -2.012402, 0.984022, 0.105831 )
( -1.985532, 0.989883, 0.098816 )
( -1.959344, 0.987652, 0.091282 )
( -1.935234, 0.978137, 0.081166 )
( -1.914488, 0.961786, 0.069314 )
( -1.898959, 0.939263, 0.056068 )
( -1.891412, 0.916148, 0.036241 )
( -1.888361, 0.876556, 0.001501 )
( -1.874688, 0.848603, -0.024096 )
( -1.838810, 0.822666, -0.049846 )
( -1.765778, 0.791910, -0.076975 )
( -1.719311, 0.774357, -0.093661 )
( -1.622827, 0.771532, -0.096012 )
( -1.565560, 0.770755, -0.097885 )
( -1.507666, 0.771656, -0.097891 )
( -1.084339, 0.775302, -0.098768 )
( -0.781026, 0.777067, -0.093277 )
( -0.501088, 0.772799, -0.090123 )
( -0.174771, 0.765580, -0.088805 )
( 0.138395, 0.760225, -0.088352 )