0.0
0.0
1.15
(-0.5386104039120616, 1.040523, -0.10596375000000001)
(-1.0299999999999998, 0.997, -0.11030274999999999)
(-1.0299999999999998, 0.803, -0.11587274999999998)
(-0.7436769273424481, 0.648153, -0.08137275000000001)
(-0.20465413223458356, 0.443555, -0.030221750000000006)
(0.05790743527879371, 0.437803, -0.02999375)
(0.6827679790784084, 0.249901, 0.011216749999999998)
(1.0299999999999998, 0.097, 0.042905750000000006, 'left:tnM:1')
(1.4269999999999998, 0.097, 0.042905750000000006)
(1.4269999999999998, -0.097, 0.02954075000000002)
(1.0299999999999998, -0.097, 0.02954075000000002, 'left:tfM:-1')
(0.658741895642326, -0.244864, 0.026349749999999998)
(0.1882036516169721, -0.468276, -0.02272325)
(-0.07130165453477898, -0.482919, -0.026072750000000006)
(-0.750802561576694, -0.678405, -0.05385875)
(-1.0299999999999998, -0.803, -0.08288274999999999, 'right:tnL:1')
(-1.4269999999999998, -0.803, -0.08288274999999999)
(-1.4269999999999998, -0.997, -0.08146174999999999)
(-1.0299999999999998, -0.997, -0.08146174999999999, 'right:tfL:-1')
(-0.7269398684598033, -0.970554, -0.08959674999999999)
(0.6145566232723209, -0.968598, -0.09527975000000001)
(1.0299999999999998, -0.997, -0.09647575000000001, 'left:tfL:1')
(1.4269999999999998, -0.997, -0.09647575000000001)
(1.4269999999999998, -0.803, -0.08557875)
(1.0299999999999998, -0.803, -0.08557875, 'left:tnL:-1')
(0.6994342513967544, -0.698185, -0.054657750000000005)
(0.1951315192336785, -0.476996, -0.0025557500000000094)
(-0.06339434745486783, -0.461235, 0.0018887499999999946)
(-0.7254039069362204, -0.249813, 0.017408749999999994)
(-1.0299999999999998, -0.097, 0.018192749999999994, 'right:tfM:1')
(-1.4269999999999998, -0.097, 0.018192749999999994)
(-1.4269999999999998, 0.097, 0.020629749999999995)
(-1.0299999999999998, 0.097, 0.020629749999999995, 'right:tnM:-1')
(-0.7756956208925097, 0.257364, -0.0010257500000000058)
(-0.30021357933844234, 0.435793, -0.007154750000000001)
(-0.04068263341016737, 0.44389, -0.005108750000000002)
(0.6526372746726622, 0.666686, -0.06365925000000001)
(1.0299999999999998, 0.803, -0.09341675)
(1.0299999999999998, 0.997, -0.08620375000000001)
(0.9643248149449134, 0.989795, -0.08640475000000002)
(0.6563168731889305, 1.012986, -0.09197775000000001)