0.0
0.0
1.15
(-0.23030845889042453, 0.072401, -0.03375650000000001)
(0.1441680839706274, 0.072068, -0.0319725)
(0.32544249756767113, 0.077409, -0.029507500000000006)
(0.48199484007723215, 0.086523, -0.027661500000000006)
(0.6188939794798995, 0.085676, -0.02539050000000001)
(0.7198135122927023, 0.088587, -0.0254235)
(1.0247338194489268, 0.089715, -0.02471150000000001)
(1.0299999999999998, 0.097, -0.02487750000000001, 'left:tnM:1')
(1.4269999999999998, 0.097, -0.02487750000000001)
(1.4269999999999998, -0.097, -0.03246350000000002)
(1.13, -0.097, -0.03246350000000002, 'left:tfM:-1')
(1.2299999999999998, 0.037000000000000005, -0.02487750000000001)
(1.2299999999999998, 0.097, 0.03512249999999999)
(1.2299999999999998, 0.157, -0.02487750000000001)
(1.21, 0.78, 0.2338095, 'left:tfT:1')
(1.4499999999999997, 0.78, 0.2338095)
(1.4499999999999997, 1.02, 0.2338095)
(1.21, 1.02, 0.2338095, 'left:tnT:-1')
(1.13, 0.157, -0.02487750000000001)
(1.13, 0.097, 0.03512249999999999)
(1.13, 0.037000000000000005, -0.02487750000000001)
(1.0299999999999998, -0.097, -0.03246350000000002)
(1.0164289862554052, -0.089901, -0.016878500000000005)
(0.5395340113400222, -0.166712, -0.0321825)
(0.4452744829585044, -0.232196, -0.04652550000000001)
(0.31124509525469785, -0.324425, -0.0767685)
(0.13492934116280572, -0.446113, -0.1201395)
(-0.05094211782925749, -0.454953, -0.12276150000000001)
(-0.3459997629408586, -0.588503, -0.14162249999999998)
(-0.5095839102060714, -0.699335, -0.16240500000000002)
(-0.6682390140027102, -0.794617, -0.17659999999999998)
(-0.7683809769632837, -0.799457, -0.17859399999999997)
(-1.0299999999999998, -0.803, -0.186988)
(-1.0299999999999998, -0.997, -0.17819800000000002)
(-0.9759824482157835, -0.989757, -0.20038899999999998)
(-0.8827966703232886, -0.982465, -0.205648)
(-0.8079144350519455, -0.967692, -0.2080165)
(-0.7505613989804477, -0.94642, -0.2068645)
(-0.712099115957927, -0.913145, -0.20736549999999998)
(-0.7096792927663415, -0.893787, -0.2068315)
(-0.7080434922888302, -0.798973, -0.1967815)
(-0.7083435503645873, -0.767695, -0.191656)
(-0.7084016261211848, -0.497661, -0.15883199999999997)
(-0.7077886042459834, 0.080282, -0.0681345)
(-0.707543395495903, 0.110402, -0.05981850000000001)
(-0.7097760856940055, 0.456625, 0.011948499999999987)
(-0.757201393818158, 0.499679, 0.017219499999999985)
(-1.0299999999999998, 0.803, 0.041362499999999996, 'right:bfT:1')
(-1.4269999999999998, 0.803, 0.041362499999999996)
(-1.4269999999999998, 0.997, 0.04344450000000001)
(-1.0299999999999998, 0.997, 0.04344450000000001, 'right:bnT:-1')
(-0.6355354017083283, 0.996131, 0.0290565)
(-0.4587293633969517, 1.02382, -0.028127500000000014)
(-0.3570741277569193, 1.025697, -0.060211500000000015)
(-0.18642391079243004, 1.00906, -0.101955)
(0.3260558630783537, 0.980961, -0.0752955)
(0.46838914658762776, 0.977047, -0.029023500000000008)
(0.5703926250926367, 0.981641, 0.004340499999999997)
(1.0066496741304778, 0.990027, 0.0342605)
(1.0299999999999998, 0.997, 0.03178349999999999, 'left:bnT:1')
(1.4269999999999998, 0.997, 0.03178349999999999)
(1.4269999999999998, 0.803, 0.03380949999999999)
(1.0299999999999998, 0.803, 0.03380949999999999, 'left:bfT:-1')
(0.7568142221075046, 0.499498, 0.018214499999999995)
(0.709943860101956, 0.457294, 0.014926499999999995)
(0.7072046202490809, 0.092766, -0.040914500000000006)
(0.7075917919597342, 0.06234, -0.045915)
(0.7098631993289019, -0.448788, -0.1463335)
(0.7096179905788214, -0.77363, -0.20327050000000002)
(0.7088855907595022, -0.804899, -0.20893750000000005)
(0.7103310318126093, -0.891353, -0.21786350000000004)
(0.7160418145447511, -0.919724, -0.21937050000000002)
(0.7504291153126412, -0.946352, -0.2203275)
(0.8085758533909796, -0.967872, -0.2205245)
(0.8836258630702717, -0.982577, -0.21836450000000002)
(0.9691843582628905, -0.989561, -0.21492150000000004)
(1.0299999999999998, -0.997, -0.21140150000000002)
(1.0299999999999998, -0.803, -0.19640050000000003)
(0.8036103762018457, -0.801373, -0.1875235)
(0.7038168677808605, -0.796459, -0.18497200000000003)
(0.4149045884495915, -0.653371, -0.14818950000000003)
(0.30689498866304804, -0.579988, -0.13155850000000002)
(0.02541459637349138, -0.454579, -0.0990225)
(-0.16235400400077424, -0.445251, -0.0965805)
(-0.29434413935679576, -0.353877, -0.08097900000000001)
(-0.48215127622559195, -0.222885, -0.066063)
(-1.0299999999999998, -0.097, -0.0516495)
(-1.13, 0.037000000000000005, -0.048810000000000006)
(-1.13, 0.097, 0.011189999999999992)
(-1.13, 0.157, -0.048810000000000006)
(-1.21, 1.02, 0.2434445, 'right:tnT:1')
(-1.4499999999999997, 1.02, 0.2434445)
(-1.4499999999999997, 0.78, 0.2434445)
(-1.21, 0.78, 0.2434445, 'right:tfT:-1')
(-1.2299999999999998, 0.157, -0.048810000000000006)
(-1.2299999999999998, 0.097, 0.011189999999999992)
(-1.2299999999999998, 0.037000000000000005, -0.048810000000000006)
(-1.13, -0.097, -0.0516495, 'right:tfM:1')
(-1.4269999999999998, -0.097, -0.0516495)
(-1.4269999999999998, 0.097, -0.048810000000000006)
(-1.0299999999999998, 0.097, -0.048810000000000006, 'right:tnM:-1')
(-1.0245111957153, 0.089721, -0.04882200000000002)
(-0.7477995741111191, 0.087619, -0.0446265)
(-0.6463186423178687, 0.085395, -0.04419150000000001)
(-0.4468483419253223, 0.080978, -0.03908650000000001)