0.0
0.0
1.15
(-0.32307876947391373, 0.495727, -0.14363550000000003)
(0.07043241780737854, 0.495436, -0.12519600000000003)
(0.31935242779511536, 0.482605, -0.10003350000000001)
(0.425120495212369, 0.478446, -0.0921675)
(0.4964471395633593, 0.470982, -0.08728200000000001)
(0.5888807181059874, 0.456635, -0.08446800000000003)
(1.0299999999999998, 0.097, -0.138378, 'left:tnM:1')
(1.4269999999999998, 0.097, -0.138378)
(1.4269999999999998, -0.097, -0.12983249999999996)
(1.0299999999999998, -0.097, -0.12983249999999996, 'left:tfM:-1')
(1.0093907751765705, -0.089912, -0.1488795)
(0.9619237703138585, -0.087168, -0.14584950000000002)
(0.918419356803979, -0.076217, -0.1388775)
(0.8818550556504684, -0.057542, -0.137814)
(0.8570566818746199, -0.033171, -0.13434000000000001)
(0.8466413648887634, -0.00687, -0.124296)
(0.8464457237392516, 0.087085, -0.0726755)
(0.8463032832532034, 0.453423, 0.07504199999999998)
(0.8543657579936139, 0.478902, 0.08398699999999999)
(1.0299999999999998, 0.803, 0.151654, 'left:tfT:1')
(1.4269999999999998, 0.803, 0.151654)
(1.4269999999999998, 0.997, 0.157269)
(1.0299999999999998, 0.997, 0.157269, 'left:tnT:-1')
(0.9862004343576748, 0.989655, 0.156775)
(0.7740012806150426, 0.934375, 0.13519799999999998)
(0.5421104703196067, 0.826366, 0.08864999999999999)
(0.19522708371080152, 0.770431, 0.06333299999999999)
(-0.037080004359022624, 0.658966, 0.006121500000000016)
(-0.137716781977675, 0.649683, -0.0009165000000000006)
(-0.3909605208173341, 0.490015, -0.11748299999999999)
(-0.4089423450680843, 0.468855, -0.14697300000000002)
(-0.4728123157819772, 0.472725, -0.1551975)
(-0.5152595806243188, 0.47518, -0.16008)
(-0.538702195557059, 0.489311, -0.142683)
(-0.6880669304543705, 0.657928, -0.055789500000000006)
(-0.7740437224911586, 0.736256, -0.05296450000000001)
(-1.0299999999999998, 0.803, -0.0511465)
(-1.13, 0.157, -0.16855599999999998)
(-1.13, 0.097, -0.108556)
(-1.13, 0.037000000000000005, -0.16855599999999998)
(-1.13, -0.037000000000000005, -0.170253)
(-1.13, -0.097, -0.23025299999999999)
(-1.13, -0.157, -0.170253)
(-1.21, -1.02, 0.14885350000000003, 'right:tfL:1')
(-1.4499999999999997, -1.02, 0.14885350000000003)
(-1.4499999999999997, -0.78, 0.14885350000000003)
(-1.21, -0.78, 0.14885350000000003, 'right:tnL:-1')
(-1.2299999999999998, -0.157, -0.170253)
(-1.2299999999999998, -0.097, -0.23025299999999999)
(-1.2299999999999998, -0.037000000000000005, -0.170253)
(-1.2299999999999998, 0.037000000000000005, -0.16855599999999998)
(-1.2299999999999998, 0.097, -0.108556)
(-1.2299999999999998, 0.157, -0.16855599999999998)
(-1.13, 0.803, -0.0511465, 'right:bfT:1')
(-1.4269999999999998, 0.803, -0.0511465)
(-1.4269999999999998, 0.997, -0.0472335)
(-1.0299999999999998, 0.997, -0.0472335, 'right:bnT:-1')
(-1.0155757813418411, 0.989638, -0.047074500000000005)
(-0.756230168659945, 0.997091, -0.044205499999999995)
(-0.6293871756746422, 0.998821, -0.0442095)
(0.01682023026884915, 0.993665, -0.046258499999999994)
(0.20385279118007038, 0.992815, -0.046545500000000004)
(0.5664094443190696, 0.992543, -0.0473625)
(1.0158143262522108, 0.989624, -0.057342500000000005)
(1.0299999999999998, 0.997, -0.0579915, 'left:bnT:1')
(1.4269999999999998, 0.997, -0.0579915)
(1.4269999999999998, 0.803, -0.0548295)
(1.13, 0.803, -0.0548295, 'left:bfT:-1')
(1.2299999999999998, 0.157, -0.138378)
(1.2299999999999998, 0.097, -0.07837799999999999)
(1.2299999999999998, 0.037000000000000005, -0.138378)
(1.2299999999999998, -0.037000000000000005, -0.12983249999999996)
(1.2299999999999998, -0.097, -0.18983249999999996)
(1.2299999999999998, -0.157, -0.12983249999999996)
(1.21, -0.78, 0.1451705, 'left:tnL:1')
(1.4499999999999997, -0.78, 0.1451705)
(1.4499999999999997, -1.02, 0.1451705)
(1.21, -1.02, 0.1451705, 'left:tfL:-1')
(1.13, -0.157, -0.12983249999999996)
(1.13, -0.097, -0.18983249999999996)
(1.13, -0.037000000000000005, -0.12983249999999996)
(1.13, 0.037000000000000005, -0.138378)
(1.13, 0.097, -0.07837799999999999)
(1.13, 0.157, -0.138378)
(1.0299999999999998, 0.803, -0.0548295)
(0.752418146147786, 0.711746, -0.0638225)
(0.5188343219789954, 0.471537, -0.10782600000000002)
(0.440687695802038, 0.458621, -0.11542800000000002)
(0.374591877974839, 0.467626, -0.0846795)
(0.27393793885184337, 0.479641, -0.07525649999999999)
(0.0950205271338582, 0.608716, -0.0050484999999999974)
(0.01651537370462783, 0.642846, 0.01940700000000002)
(-0.08486964550338598, 0.649327, 0.02469149999999999)
(-0.18589942157149614, 0.655822, 0.029157000000000002)
(-0.5387571123709564, 0.733138, 0.06378299999999999)
(-0.7244205867575079, 0.854652, 0.107995)
(-1.0061060632452916, 0.989999, 0.16797800000000002)
(-1.0299999999999998, 0.997, 0.16770999999999997, 'right:tnT:1')
(-1.4269999999999998, 0.997, 0.16770999999999997)
(-1.4269999999999998, 0.803, 0.17356099999999997)
(-1.0299999999999998, 0.803, 0.17356099999999997, 'right:tfT:-1')
(-0.8529876891948593, 0.476414, 0.10041299999999999)
(-0.8461934496254071, 0.450193, 0.08955)
(-0.8461419651123782, 0.258264, -0.003535500000000011)
(-0.8464405752879487, -0.005102, -0.13877100000000003)
(-0.8559154418358004, -0.03144, -0.15297300000000003)
(-0.8781533191636515, -0.054842, -0.162053)
(-0.9182872132205366, -0.076168, -0.16601300000000002)
(-0.9686064601050799, -0.088086, -0.16997299999999999)
(-1.0299999999999998, -0.097, -0.170253, 'right:tfM:1')
(-1.4269999999999998, -0.097, -0.170253)
(-1.4269999999999998, 0.097, -0.16855599999999998)
(-1.0299999999999998, 0.097, -0.16855599999999998, 'right:tnM:-1')
(-1.0148807404159434, 0.089676, -0.16859400000000002)
(-0.7431416821518197, 0.258208, -0.15927449999999999)
(-0.5887193999651625, 0.46586, -0.1343895)
(-0.5244976184122354, 0.473368, -0.13309949999999998)
(-0.4670477664731137, 0.483495, -0.13884449999999998)
(-0.4139981242475758, 0.49047, -0.1443255)
(-0.3575144650029742, 0.493576, -0.1468935)