0.0
0.0
1.15
(0.22765432837226326, 0.055748, -0.002340000000000002)
(0.6306003029106311, 0.083683, -0.01797900000000001)
(0.8963700095889359, 0.09141, 0.0035429999999999975)
(1.0243565824785648, 0.089928, 0.017865999999999993)
(1.0299999999999998, 0.097, 0.017771999999999996, 'left:tnM:1')
(1.4269999999999998, 0.097, 0.017771999999999996)
(1.4269999999999998, -0.097, 0.02949999999999999)
(1.0299999999999998, -0.097, 0.02949999999999999, 'left:tfM:-1')
(0.4772588388313185, -0.312051, -0.04189)
(0.19904579195836852, -0.438387, -0.071048)
(-0.11094515678725327, -0.451801, -0.07329200000000001)
(-0.5189222667771437, -0.609858, -0.092687)
(-0.7974826226156881, -0.733106, -0.10467800000000001)
(-1.0299999999999998, -0.803, -0.11386899999999998, 'right:tnL:1')
(-1.4269999999999998, -0.803, -0.11386899999999998)
(-1.4269999999999998, -0.997, -0.11420299999999999)
(-1.13, -0.997, -0.11420299999999999, 'right:tfL:-1')
(-1.2299999999999998, -0.863, -0.11386899999999998)
(-1.2299999999999998, -0.803, -0.173869)
(-1.2299999999999998, -0.7430000000000001, -0.11386899999999998)
(-1.2299999999999998, -0.157, -0.005801000000000001)
(-1.2299999999999998, -0.097, -0.065801)
(-1.2299999999999998, -0.037000000000000005, -0.005801000000000001)
(-1.2299999999999998, 0.037000000000000005, -0.0025510000000000047)
(-1.2299999999999998, 0.097, -0.06255100000000001)
(-1.2299999999999998, 0.157, -0.0025510000000000047)
(-1.21, 0.78, 0.08579700000000003, 'right:tfT:1')
(-1.4499999999999997, 0.78, 0.08579700000000003)
(-1.4499999999999997, 1.02, 0.08579700000000003)
(-1.21, 1.02, 0.08579700000000003, 'right:tnT:-1')
(-1.13, 0.157, -0.0025510000000000047)
(-1.13, 0.097, -0.06255100000000001)
(-1.13, 0.037000000000000005, -0.0025510000000000047)
(-1.13, -0.037000000000000005, -0.005801000000000001)
(-1.13, -0.097, -0.065801)
(-1.13, -0.157, -0.005801000000000001)
(-1.13, -0.7430000000000001, -0.11386899999999998)
(-1.13, -0.803, -0.173869)
(-1.13, -0.863, -0.11386899999999998)
(-1.0299999999999998, -0.997, -0.11420299999999999)
(-0.9925162223283618, -0.990045, -0.11358)
(-0.6536502949136895, -0.984532, -0.11772500000000001)
(-0.2472369707561878, -0.980484, -0.121687)
(0.4358833059151944, -0.979583, -0.124239)
(0.9907006937535774, -0.990039, -0.125975)
(1.0299999999999998, -0.997, -0.125892)
(1.13, -0.863, -0.118831)
(1.13, -0.803, -0.17883100000000002)
(1.13, -0.7430000000000001, -0.118831)
(1.13, -0.157, 0.02949999999999999)
(1.13, -0.097, -0.030500000000000013)
(1.13, -0.037000000000000005, 0.02949999999999999)
(1.13, 0.037000000000000005, 0.017771999999999996)
(1.13, 0.097, -0.042228)
(1.13, 0.157, 0.017771999999999996)
(1.21, 1.02, 0.07410800000000002, 'left:tnT:1')
(1.4499999999999997, 1.02, 0.07410800000000002)
(1.4499999999999997, 0.78, 0.07410800000000002)
(1.21, 0.78, 0.07410800000000002, 'left:tfT:-1')
(1.2299999999999998, 0.157, 0.017771999999999996)
(1.2299999999999998, 0.097, -0.042228)
(1.2299999999999998, 0.037000000000000005, 0.017771999999999996)
(1.2299999999999998, -0.037000000000000005, 0.02949999999999999)
(1.2299999999999998, -0.097, -0.030500000000000013)
(1.2299999999999998, -0.157, 0.02949999999999999)
(1.2299999999999998, -0.7430000000000001, -0.118831)
(1.2299999999999998, -0.803, -0.17883100000000002)
(1.2299999999999998, -0.863, -0.118831)
(1.13, -0.997, -0.125892, 'left:tfL:1')
(1.4269999999999998, -0.997, -0.125892)
(1.4269999999999998, -0.803, -0.118831)
(1.0299999999999998, -0.803, -0.118831, 'left:tnL:-1')
(0.8886206434172957, -0.772022, -0.113501)
(0.5088902102504808, -0.605301, -0.085859)
(0.11914142387050587, -0.45536, -0.05092100000000001)
(-0.20086132053315284, -0.444047, -0.047881999999999994)
(-0.5486129206864654, -0.284371, -0.030045000000000002)
(-1.0299999999999998, -0.097, -0.005801000000000001, 'right:tfM:1')
(-1.4269999999999998, -0.097, -0.005801000000000001)
(-1.4269999999999998, 0.097, -0.0025510000000000047)
(-1.0299999999999998, 0.097, -0.0025510000000000047, 'right:tnM:-1')
(-1.0294970616408874, 0.089871, -0.002383000000000003)
(-0.8441749047947931, 0.067593, 0.0242)
(-0.6185866982640917, 0.047955, 0.037223000000000006)