0.0
0.0
1.15
(0.7877045044013278, 0.57578, -0.74397)
(0.4416783791701667, 0.65828, -0.8497545)
(0.3948791520164508, 0.682761, -0.8595854999999999)
(0.33609150221868644, 0.694702, -0.8586720000000001)
(0.2691428492545836, 0.701853, -0.844428)
(0.03752415144637703, 0.73366, -0.7760655000000001)
(-0.009531736751663038, 0.756282, -0.818532)
(-0.07984356969497731, 0.745635, -0.8590709999999999)
(-0.12560694968574362, 0.711531, -0.8365395)
(-0.1682106379356271, 0.69896, -0.7964549999999999)
(-0.22961500332074408, 0.676481, -0.742569)
(-0.6520054583930462, 0.573542, -0.6301619999999999)
(-0.8650696673195082, 0.464431, -0.542365)
(-0.9801327990829736, 0.362005, -0.45573500000000006)
(-1.0091753766960976, 0.360424, -0.4508330000000001)
(-1.0299999999999998, 0.353, -0.445168, 'right:tfF:1')
(-1.4269999999999998, 0.353, -0.445168)
(-1.4269999999999998, 0.547, -0.438647)
(-1.0299999999999998, 0.547, -0.438647, 'right:tnF:-1')
(-1.0299999999999998, 0.652038, -0.561981)
(-1.0299999999999998, 0.803, -0.6985899999999999, 'right:bfT:1')
(-1.4269999999999998, 0.803, -0.6985899999999999)
(-1.4269999999999998, 0.997, -0.700233)
(-1.0299999999999998, 0.997, -0.700233, 'right:bnT:-1')
(-1.0028467902286788, 0.990001, -0.702626)
(-0.8947604627355991, 0.89671, -0.718152)
(-0.8405599053790849, 0.843927, -0.727994)
(-0.3635440084217544, 0.699976, -0.7838565)
(-0.3076798403997776, 0.688298, -0.7893059999999998)
(-0.2480557414615466, 0.68714, -0.7963755000000001)
(-0.18395899149592992, 0.685991, -0.803949)
(-0.13168501043260675, 0.685248, -0.80976)
(-0.019288946651826032, 0.698195, -0.8266560000000001)
(0.03930544044722424, 0.706851, -0.8341575000000001)
(0.15630197450057187, 0.726916, -0.8541974999999999)
(0.21174485029043094, 0.735375, -0.8649464999999998)
(0.48872915459839955, 0.82199, -0.8779440000000001)
(0.547546458461046, 0.831818, -0.8835599999999999)
(0.6075938947393178, 0.837961, -0.8913899999999999)
(0.6676628046507799, 0.840436, -0.903117)
(0.7275496999571038, 0.837833, -0.916995)
(0.7607888390280215, 0.835303, -0.9251145000000001)
(0.813598638367145, 0.818226, -0.9294)
(0.8925517437944959, 0.670692, -0.9665250000000001)
(1.0278441443703035, 0.535747, -0.967644)
(1.0299999999999998, 0.547, -0.967306, 'left:bnF:1')
(1.4269999999999998, 0.547, -0.967306)
(1.4269999999999998, 0.353, -0.9671190000000001)
(1.0299999999999998, 0.353, -0.9671190000000001, 'left:bfF:-1')
(1.028169316530045, 0.364356, -0.9668809999999999)
(0.9937951425619168, 0.360132, -0.9661425000000001)
(0.9669817325847556, 0.365825, -0.9647985000000001)
(0.8285065830915018, 0.612692, -0.873291)
(0.7010727102332599, 0.678495, -0.8516025)
(0.652145548285765, 0.694019, -0.8462835)
(0.6035916185341995, 0.705795, -0.839016)
(0.5488134028192834, 0.708502, -0.8310959999999998)
(0.17134067561162789, 0.746106, -0.8343435000000001)
(0.11063778224406619, 0.750728, -0.8336414999999999)
(0.049685385709910594, 0.752502, -0.833127)
(-0.009140098584427383, 0.743598, -0.8302229999999999)
(-0.05174992215807974, 0.735885, -0.8267249999999999)
(-0.1033060703404645, 0.727393, -0.823008)
(-0.15714762662669166, 0.718538, -0.819321)
(-0.21653858326171202, 0.709756, -0.8161754999999999)
(-0.2762005166965168, 0.697738, -0.81267)
(-0.33630930621247535, 0.686281, -0.8101034999999999)
(-0.3978834155551931, 0.67845, -0.814338)
(-0.4582294375902084, 0.670946, -0.818586)
(-0.5172890867417187, 0.675285, -0.8245275000000001)
(-0.7721913382521585, 0.714872, -0.8566320000000001)
(-0.8267497048653629, 0.720678, -0.8608574999999998)
(-1.007100614708314, 0.810237, -0.969563)
(-1.0299999999999998, 0.803, -0.970281)
(-1.0699999999999998, 0.763, -0.970281)
(-1.0699999999999998, 0.763, -0.5991960000000001)
(-1.0299999999999998, 0.803, -0.5991960000000001, 'right:tfT:1')
(-1.4269999999999998, 0.803, -0.5991960000000001)
(-1.4269999999999998, 0.997, -0.600233)
(-1.0299999999999998, 0.997, -0.600233, 'right:tnT:-1')
(-1.0699999999999998, 1.037, -0.600233)
(-1.0699999999999998, 1.037, -0.9713179999999999)
(-1.0299999999999998, 0.997, -0.9713179999999999)
(-1.0285660674670878, 0.985517, -0.9710749999999999)
(-0.9943575472407148, 0.989902, -0.9708330000000001)
(-0.8590564839715416, 0.893698, -0.8792985)
(-0.6300031648045107, 0.819384, -0.8444745)
(-0.570162284426452, 0.810474, -0.8391359999999999)
(-0.510467629264881, 0.802758, -0.8375489999999999)
(-0.4510316802555567, 0.800071, -0.8401215)
(-0.3881814235689485, 0.800006, -0.84243)
(0.48385668497208684, 0.823253, -0.899556)
(0.5325527497242938, 0.822968, -0.9018930000000001)
(0.5960860724571511, 0.822488, -0.903672)
(0.6752337941813612, 0.82494, -0.9013994999999999)
(0.7460354304722102, 0.82874, -0.9022350000000001)
(0.802938513319021, 0.836398, -0.9054390000000001)
(0.8833042449300902, 0.894652, -0.9162195)
(0.9962513171773215, 0.98999, -0.975814)
(1.0291448330092687, 0.985328, -0.975908)
(1.0299999999999998, 0.997, -0.976003)
(1.0699999999999998, 1.037, -0.976003)
(1.0699999999999998, 1.037, -0.609316)
(1.0299999999999998, 0.997, -0.609316, 'left:tnT:1')
(1.4269999999999998, 0.997, -0.609316)
(1.4269999999999998, 0.803, -0.6098599999999998)
(1.0299999999999998, 0.803, -0.6098599999999998, 'left:tfT:-1')
(1.0699999999999998, 0.763, -0.6098599999999998)
(1.0699999999999998, 0.763, -0.9765469999999998)
(1.0299999999999998, 0.803, -0.9765469999999998)
(1.0109116733226409, 0.810615, -0.9729349999999999)
(0.8944248918488995, 0.767075, -0.9385755)
(0.629963285200014, 0.704572, -0.8662034999999999)
(0.5691284823714253, 0.697038, -0.851019)
(0.5074040575963744, 0.693426, -0.8449169999999999)
(0.4467349085095407, 0.689487, -0.840066)
(0.398747473652619, 0.686344, -0.8383425)
(0.3368287636248924, 0.685423, -0.8388255)
(0.27867202962134313, 0.686256, -0.8392200000000001)
(0.06516889779419777, 0.690458, -0.8413124999999999)
(0.0034996909330651466, 0.691196, -0.845199)
(-0.05848037233234848, 0.693373, -0.8458905000000001)
(-0.09670139430345419, 0.694992, -0.846447)
(-0.14847636903358935, 0.697842, -0.8453459999999999)
(-0.24511692137633712, 0.704206, -0.8374679999999999)
(-0.3067431809710888, 0.705944, -0.8261924999999999)
(-0.3664531744420817, 0.698736, -0.8151045000000001)
(-0.42587685280386856, 0.688681, -0.8078325)
(-0.4840826693975674, 0.677808, -0.800565)
(-0.7343953499702077, 0.595803, -0.749665)
(-0.9934075946105271, 0.360157, -0.741722)
(-1.0279596929679475, 0.36429, -0.741457)
(-1.0299999999999998, 0.353, -0.741193, 'right:bfF:1')
(-1.4269999999999998, 0.353, -0.741193)
(-1.4269999999999998, 0.547, -0.742164)
(-1.0299999999999998, 0.547, -0.742164, 'right:bnF:-1')
(-1.0072918322991051, 0.539747, -0.75006)
(-0.8233190363246957, 0.711505, -0.8824364999999998)
(-0.7711493557654403, 0.727126, -0.880674)
(-0.6688939596203666, 0.803143, -0.8698694999999999)
(-0.6141505107401398, 0.819634, -0.8673584999999999)
(-0.5549763355449472, 0.821191, -0.848805)
(-0.4943399081848799, 0.817237, -0.837)
(-0.4339284426963316, 0.812605, -0.8284665)
(-0.37341165414975414, 0.80694, -0.8209409999999999)
(-0.019764434243900564, 0.766518, -0.7810994999999998)
(0.03948131972859372, 0.753961, -0.7981005000000001)
(0.09773110614263507, 0.743984, -0.8131919999999999)
(0.15679382295602962, 0.734158, -0.8293410000000001)
(0.21801515118204678, 0.724505, -0.8481704999999999)
(0.30864717644731005, 0.696151, -0.875991)
(0.3711712384202155, 0.690297, -0.8743380000000001)
(0.4257674395299933, 0.68518, -0.8728199999999999)
(0.5254030524258303, 0.681922, -0.8561235)
(0.5824196387623619, 0.68126, -0.8409765)
(0.6192949797201985, 0.680825, -0.8311394999999999)
(0.671063819126565, 0.694653, -0.8218005000000002)
(0.9028487840165417, 0.878047, -0.7276690000000001)
(0.9757153659695065, 0.986944, -0.716417)
(1.0029705192580145, 0.989997, -0.7137549999999999)
(1.0299999999999998, 0.997, -0.709316, 'left:bnT:1')
(1.4269999999999998, 0.997, -0.709316)
(1.4269999999999998, 0.803, -0.715996)
(1.0299999999999998, 0.803, -0.715996, 'left:bfT:-1')
(1.0299999999999998, 0.699157, -0.621901)
(1.0299999999999998, 0.547, -0.5217499999999999, 'left:tnF:1')
(1.4269999999999998, 0.547, -0.5217499999999999)
(1.4269999999999998, 0.353, -0.5162019999999998)
(1.0299999999999998, 0.353, -0.5162019999999998, 'left:tfF:-1')
(1.0082520104689074, 0.360336, -0.5347839999999999)
(0.9810377593388575, 0.361817, -0.541252)
(0.8890305316889563, 0.46843, -0.641499)