0.0
0.0
1.3372905000000002
(0.4193095, -0.011119, -0.07928324999999999)
(0.3747944999999999, -0.012045, -0.07368674999999998)
(0.3152434999999999, -0.01334, -0.07137375)
(0.2551184999999999, -0.013107, -0.06708225)
(-0.27521950000000006, 0.011058, -0.058629749999999994)
(-0.33484249999999993, 0.01333, -0.057941249999999986)
(-0.39432250000000013, 0.013393, -0.06447374999999998)
(-0.45422150000000006, 0.012452, -0.07404224999999999)
(-0.49338550000000003, 0.008438, -0.08045925)
(-0.5524104999999999, 0.001291, -0.08964525)
(-0.6076245, -0.006853, -0.09703875)
(-0.6432555, -0.010646, -0.10182674999999998)
(-0.7006405, -0.023526, -0.10907174999999998)
(-0.7778825, -0.034077, -0.11013674999999999)
(-0.8381905000000001, -0.038666, -0.11016074999999999)
(-0.8954205, -0.041356, -0.11109075)
(-0.9537385, -0.043436, -0.09952574999999998)
(-1.0123955, -0.036209, -0.09629924999999999)
(-1.1279002738888468, 0.04344, -0.062030249999999995)
(-1.1922575000000002, 0.089924, -0.041979749999999996)
(-1.2172905000000003, 0.097, -0.04286174999999999, 'right:tnM:1')
(-1.6142905000000003, 0.097, -0.04286174999999999)
(-1.6142905000000003, -0.097, -0.03774825)
(-1.2172905000000003, -0.097, -0.03774825, 'right:tfM:-1')
(-1.1956665000000002, -0.089677, -0.04797074999999999)
(-1.0982030885801235, -0.071373, -0.06045824999999998)
(-1.0188705, -0.048246, -0.07675875)
(-0.9593835000000002, -0.046012, -0.07913174999999999)
(-0.7821415, -0.037971, -0.08563125)
(-0.7219724999999999, -0.034052, -0.08821875)
(-0.6620115, -0.029492, -0.09099075)
(-0.6024105000000002, -0.024953, -0.09373424999999998)
(-0.5470525000000002, -0.013584, -0.09572024999999999)
(-0.4876845000000001, -0.003343, -0.09724275)
(-0.22521950000000013, 0.05595, -0.09904875)
(-0.16924850000000013, 0.066733, -0.10025025)
(-0.1138165000000001, 0.077798, -0.10115475)
(-0.015809500000000143, 0.097598, -0.10257974999999998)
(0.038017499999999926, 0.107412, -0.10365825)
(0.36049549999999997, 0.218299, -0.10473675)
(0.9569722965672702, 0.352195, -0.10258424999999997)
(1.1689315000000002, 0.538133, -0.08977724999999999)
(1.1956985000000002, 0.539674, -0.08968425000000001)
(1.2172905000000003, 0.547, -0.08918025, 'left:tnF:1')
(1.6142905000000003, 0.547, -0.08918025)
(1.6142905000000003, 0.353, -0.08859975000000002)
(1.2172905000000003, 0.353, -0.08859975000000002, 'left:tfF:-1')
(1.2129615000000002, 0.36364, -0.09004875)
(1.139566171791241, 0.334657, -0.09277125000000001)
(0.9941934861583488, 0.231062, -0.10147125)
(0.5340436918538255, 0.162531, -0.10728075)
(0.20511849999999987, 0.082851, -0.10353224999999998)
(0.1499624999999999, 0.073923, -0.10356224999999998)
(0.0941424999999998, 0.065804, -0.10220324999999998)
(0.02431149999999993, 0.052011, -0.09860925)
(-0.03295350000000008, 0.043958, -0.09653474999999999)
(-0.2873435, 0.008488, -0.07952474999999999)
(-0.3459595, 0.002476, -0.07454324999999999)
(-0.40583250000000004, -0.001959, -0.07341974999999999)
(-0.4779915000000001, -0.003635, -0.06647925)
(-0.5382214999999999, -0.00761, -0.07087275)
(-0.6067625000000001, -0.012733, -0.07612725)
(-0.6805915, -0.016109, -0.08557425)
(-0.7400035, -0.018583, -0.09364274999999998)
(-0.7976815000000002, -0.021023, -0.10172174999999999)
(-0.8528754999999999, -0.023966, -0.10919475)
(-0.9045405, -0.026225, -0.11739825)
(-0.9468315, -0.055806, -0.14528025)
(-1.0633579855401936, -0.322652, -0.22097625000000004)
(-1.131416683574113, -0.612179, -0.27126225)
(-1.2172905000000003, -0.803, -0.29548825, 'right:tnL:1')
(-1.6142905000000003, -0.803, -0.29548825)
(-1.6142905000000003, -0.997, -0.29304525)
(-1.3172905000000004, -0.997, -0.29304525, 'right:tfL:-1')
(-1.4172905000000002, -0.863, -0.29548825)
(-1.4172905000000002, -0.803, -0.35548825)
(-1.4172905000000002, -0.7430000000000001, -0.29548825)
(-1.4172905000000002, -0.157, -0.03774825)
(-1.4172905000000002, -0.097, -0.09774825)
(-1.4172905000000002, -0.037000000000000005, -0.03774825)
(-1.4172905000000002, 0.037000000000000005, -0.04286174999999999)
(-1.4172905000000002, 0.097, -0.10286174999999999)
(-1.4172905000000002, 0.157, -0.04286174999999999)
(-1.4172905000000002, 0.293, -0.06707024999999998)
(-1.4172905000000002, 0.353, -0.12707025)
(-1.4172905000000002, 0.413, -0.06707024999999998)
(-1.4172905000000002, 0.48700000000000004, -0.06658574999999999)
(-1.4172905000000002, 0.547, -0.0065857499999999874)
(-1.4172905000000002, 0.607, -0.06658574999999999)
(-1.3972905000000004, 0.78, -0.09304524999999995, 'right:tfT:1')
(-1.6372905000000002, 0.78, -0.09304524999999995)
(-1.6372905000000002, 1.02, -0.09304524999999995)
(-1.3972905000000004, 1.02, -0.09304524999999995, 'right:tnT:-1')
(-1.3172905000000004, 0.607, -0.06658574999999999)
(-1.3172905000000004, 0.547, -0.0065857499999999874)
(-1.3172905000000004, 0.48700000000000004, -0.06658574999999999)
(-1.3172905000000004, 0.413, -0.06707024999999998)
(-1.3172905000000004, 0.353, -0.12707025)
(-1.3172905000000004, 0.293, -0.06707024999999998)
(-1.3172905000000004, 0.157, -0.04286174999999999)
(-1.3172905000000004, 0.097, -0.10286174999999999)
(-1.3172905000000004, 0.037000000000000005, -0.04286174999999999)
(-1.3172905000000004, -0.037000000000000005, -0.03774825)
(-1.3172905000000004, -0.097, -0.09774825)
(-1.3172905000000004, -0.157, -0.03774825)
(-1.3172905000000004, -0.7430000000000001, -0.29548825)
(-1.3172905000000004, -0.803, -0.35548825)
(-1.3172905000000004, -0.863, -0.29548825)
(-1.2172905000000003, -0.997, -0.29304525)
(-1.1955715000000002, -0.989685, -0.29793125000000004)
(-1.105841095466447, -0.980233, -0.29745125)
(-1.0350344960164013, -0.974821, -0.29719425)
(-0.5260784999999999, -0.972256, -0.29695525)
(0.19108449999999988, -0.96922, -0.29668725)
(0.6926315000000001, -0.964622, -0.29637225)
(1.035012717760696, -0.968802, -0.29605825)
(1.1956905000000002, -0.989674, -0.29569225000000005)
(1.2172905000000003, -0.997, -0.29570124999999997)
(1.3172905000000004, -0.863, -0.29553625)
(1.3172905000000004, -0.803, -0.35553625)
(1.3172905000000004, -0.7430000000000001, -0.29553625)
(1.3172905000000004, -0.157, -0.029936749999999998)
(1.3172905000000004, -0.097, -0.08993675)
(1.3172905000000004, -0.037000000000000005, -0.029936749999999998)
(1.3172905000000004, 0.037000000000000005, -0.034028249999999996)
(1.3172905000000004, 0.097, -0.09402825)
(1.3172905000000004, 0.157, -0.034028249999999996)
(1.3172905000000004, 0.293, -0.08859975000000002)
(1.3172905000000004, 0.353, -0.14859975000000003)
(1.3172905000000004, 0.413, -0.08859975000000002)
(1.3172905000000004, 0.48700000000000004, -0.08918025)
(1.3172905000000004, 0.547, -0.029180250000000005)
(1.3172905000000004, 0.607, -0.08918025)
(1.3972905000000004, 1.02, -0.09570124999999995, 'left:tnT:1')
(1.6372905000000002, 1.02, -0.09570124999999995)
(1.6372905000000002, 0.78, -0.09570124999999995)
(1.3972905000000004, 0.78, -0.09570124999999995, 'left:tfT:-1')
(1.4172905000000002, 0.607, -0.08918025)
(1.4172905000000002, 0.547, -0.029180250000000005)
(1.4172905000000002, 0.48700000000000004, -0.08918025)
(1.4172905000000002, 0.413, -0.08859975000000002)
(1.4172905000000002, 0.353, -0.14859975000000003)
(1.4172905000000002, 0.293, -0.08859975000000002)
(1.4172905000000002, 0.157, -0.034028249999999996)
(1.4172905000000002, 0.097, -0.09402825)
(1.4172905000000002, 0.037000000000000005, -0.034028249999999996)
(1.4172905000000002, -0.037000000000000005, -0.029936749999999998)
(1.4172905000000002, -0.097, -0.08993675)
(1.4172905000000002, -0.157, -0.029936749999999998)
(1.4172905000000002, -0.7430000000000001, -0.29553625)
(1.4172905000000002, -0.803, -0.35553625)
(1.4172905000000002, -0.863, -0.29553625)
(1.3172905000000004, -0.997, -0.29570124999999997, 'left:tfL:1')
(1.6142905000000003, -0.997, -0.29570124999999997)
(1.6142905000000003, -0.803, -0.29553625)
(1.2172905000000003, -0.803, -0.29553625, 'left:tnL:-1')
(1.1062340184585822, -0.508492, -0.21499724999999997)
(0.9391365, -0.079645, -0.13399125)
(0.8804685000000001, -0.069058, -0.12273674999999999)
(0.8253745000000001, -0.058859, -0.11193374999999998)
(0.7539935, -0.051822, -0.10316474999999999)
(0.6953215, -0.04605, -0.09619124999999999)
(0.6362145, -0.04119, -0.08826525)
(0.5746695, -0.036144, -0.08003324999999999)
(0.5183045, -0.031308, -0.07215524999999999)
(0.4597954999999999, -0.032432, -0.07217324999999998)
(0.44827649999999997, -0.033669, -0.07457325)
(0.38181149999999997, -0.030569, -0.07888725)
(0.3236184999999999, -0.026961, -0.08364375)
(0.2647925, -0.018214, -0.08944275)
(-0.0127695000000001, 0.047685, -0.12055124999999998)
(-0.06996550000000012, 0.05637, -0.12401174999999999)
(-0.13059350000000014, 0.066683, -0.12707324999999997)
(-0.18624850000000004, 0.076187, -0.12986775)
(-0.9441453492823533, 0.208372, -0.12075075)
(-1.0626270359458612, 0.257977, -0.10492575)
(-1.1356018416094602, 0.322227, -0.08268674999999999)
(-1.1904115000000002, 0.359996, -0.06682424999999999)
(-1.2169945000000002, 0.364937, -0.06727274999999998)
(-1.2172905000000003, 0.353, -0.06707024999999998, 'right:tfF:1')
(-1.6142905000000003, 0.353, -0.06707024999999998)
(-1.6142905000000003, 0.547, -0.06658574999999999)
(-1.2172905000000003, 0.547, -0.06658574999999999, 'right:tnF:-1')
(-1.1960105000000003, 0.539644, -0.06746324999999999)
(-1.1688705000000001, 0.53812, -0.06749324999999999)
(-1.0873340159678186, 0.42679, -0.07500824999999998)
(-1.0101167706557006, 0.339109, -0.07260824999999997)
(-0.42847391273843227, 0.219207, -0.06830325)
(-0.009544500000000067, 0.117108, -0.07564424999999998)
(0.04414249999999986, 0.105302, -0.07717724999999999)
(0.12547149999999985, 0.080327, -0.08095424999999999)
(0.18033049999999984, 0.067972, -0.08257724999999998)
(0.3126325, -0.007348, -0.09363524999999999)
(0.3706704999999999, -0.020744, -0.09583874999999999)
(0.44447649999999994, -0.038329, -0.09587775)
(0.5175784999999999, -0.043597, -0.09032174999999999)
(0.5870555000000001, -0.050276, -0.08420174999999998)
(0.6469015, -0.05337, -0.07948574999999998)
(0.7068175, -0.054723, -0.07614824999999999)
(0.7671385, -0.056088, -0.07278524999999998)
(0.9658915000000001, -0.061515, -0.061701749999999986)
(1.0189315, -0.062183, -0.058536749999999985)
(1.1961135000000003, -0.089634, -0.029935749999999997)
(1.2172905000000003, -0.097, -0.029936749999999998, 'left:tfM:1')
(1.6142905000000003, -0.097, -0.029936749999999998)
(1.6142905000000003, 0.097, -0.034028249999999996)
(1.2172905000000003, 0.097, -0.034028249999999996, 'left:tnM:-1')
(1.2167015000000003, 0.085165, -0.035094749999999994)
(1.1901795000000002, 0.090012, -0.03113175)
(1.0158915000000002, -0.049304, -0.07578824999999999)
(0.9655115000000001, -0.057889, -0.08273774999999998)
(0.9310405000000002, -0.064061, -0.08723774999999999)
(0.8753745000000002, -0.069234, -0.09349575)
(0.8171385, -0.070414, -0.09737324999999998)
(0.7424925, -0.064834, -0.09956775)
(0.6829685, -0.060814, -0.10179224999999999)
(0.6239295, -0.050417, -0.10275074999999999)
(0.5683045, -0.040594, -0.10380225)
(0.5123354999999999, -0.028105, -0.10068075)