0.0
0.0
1.15
(0.34560816264205657, 0.961334, -0.02439975000000001)
(-0.6778692231537401, 0.986298, -0.038671750000000005)
(-0.9876707431842556, 0.99003, -0.04638975000000001)
(-1.0299999999999998, 0.997, -0.04504875000000001, 'right:bnT:1')
(-1.4269999999999998, 0.997, -0.04504875000000001)
(-1.4269999999999998, 0.803, -0.05214875000000001)
(-1.0299999999999998, 0.803, -0.05214875000000001, 'right:bfT:-1')
(-0.7016347082893791, 0.74316, 0.017421249999999985)
(-0.06058844843476702, 0.676274, 0.09801774999999999)
(0.22983242424316183, 0.664893, 0.10201275000000001)
(0.6095560428178657, 0.615521, 0.13092774999999998)
(1.0299999999999998, 0.547, 0.12802774999999997, 'left:tnF:1')
(1.4269999999999998, 0.547, 0.12802774999999997)
(1.4269999999999998, 0.353, 0.12749074999999996)
(1.0299999999999998, 0.353, 0.12749074999999996, 'left:tfF:-1')
(0.707178468542441, 0.183266, 0.12359075)
(-0.05904668338127993, -0.208538, 0.06316675)
(-0.2581289197674211, -0.229269, 0.061207750000000005)
(-0.7291405919827668, -0.607666, 0.002080249999999992)
(-1.0299999999999998, -0.803, -0.054103750000000006)
(-1.13, 0.293, 0.13517274999999998)
(-1.13, 0.353, 0.19517274999999995)
(-1.13, 0.413, 0.13517274999999998)
(-1.13, 0.48700000000000004, 0.13580574999999998)
(-1.13, 0.547, 0.19580574999999995)
(-1.13, 0.607, 0.13580574999999998)
(-1.21, 1.02, 0.15495124999999998, 'right:tnT:1')
(-1.4499999999999997, 1.02, 0.15495124999999998)
(-1.4499999999999997, 0.78, 0.15495124999999998)
(-1.21, 0.78, 0.15495124999999998, 'right:tfT:-1')
(-1.2299999999999998, 0.607, 0.13580574999999998)
(-1.2299999999999998, 0.547, 0.19580574999999995)
(-1.2299999999999998, 0.48700000000000004, 0.13580574999999998)
(-1.2299999999999998, 0.413, 0.13517274999999998)
(-1.2299999999999998, 0.353, 0.19517274999999995)
(-1.2299999999999998, 0.293, 0.13517274999999998)
(-1.13, -0.803, -0.054103750000000006, 'right:tnL:1')
(-1.4269999999999998, -0.803, -0.054103750000000006)
(-1.4269999999999998, -0.997, -0.044019749999999996)
(-1.0299999999999998, -0.997, -0.044019749999999996, 'right:tfL:-1')
(-1.0206071247054476, -0.989932, -0.06424675)
(-0.4313743130902193, -0.97838, -0.05970275000000001)
(0.605423572223991, -0.983025, -0.05311075000000001)
(0.9593742476599952, -0.989706, -0.04748175)
(1.0299999999999998, -0.997, -0.047454750000000004, 'left:tfL:1')
(1.4269999999999998, -0.997, -0.047454750000000004)
(1.4269999999999998, -0.803, -0.04940275000000001)
(1.13, -0.803, -0.04940275000000001, 'left:tnL:-1')
(1.2299999999999998, 0.293, 0.12749074999999996)
(1.2299999999999998, 0.353, 0.18749074999999993)
(1.2299999999999998, 0.413, 0.12749074999999996)
(1.2299999999999998, 0.48700000000000004, 0.12802774999999997)
(1.2299999999999998, 0.547, 0.18802774999999994)
(1.2299999999999998, 0.607, 0.12802774999999997)
(1.21, 0.78, 0.16058925000000002, 'left:tfT:1')
(1.4499999999999997, 0.78, 0.16058925000000002)
(1.4499999999999997, 1.02, 0.16058925000000002)
(1.21, 1.02, 0.16058925000000002, 'left:tnT:-1')
(1.13, 0.607, 0.12802774999999997)
(1.13, 0.547, 0.18802774999999994)
(1.13, 0.48700000000000004, 0.12802774999999997)
(1.13, 0.413, 0.12749074999999996)
(1.13, 0.353, 0.18749074999999993)
(1.13, 0.293, 0.12749074999999996)
(1.0299999999999998, -0.803, -0.04940275000000001)
(0.7169038200997693, -0.601589, -0.006430750000000013)
(-0.020162104193161726, -0.222488, 0.03781674999999998)
(-0.22886456542409414, -0.205406, 0.039984249999999985)
(-0.7749414457325293, 0.175534, 0.12428775)
(-1.0299999999999998, 0.353, 0.13517274999999998, 'right:tfF:1')
(-1.4269999999999998, 0.353, 0.13517274999999998)
(-1.4269999999999998, 0.547, 0.13580574999999998)
(-1.0299999999999998, 0.547, 0.13580574999999998, 'right:tnF:-1')
(-0.6253406183251464, 0.604564, 0.12498875000000001)
(-0.15911063988113222, 0.664638, 0.08275374999999999)
(0.12976846774330955, 0.667376, 0.07808275)
(0.678425475970567, 0.74505, 0.011485249999999989)
(1.0069792834440212, 0.809966, -0.03860775000000001)
(1.0299999999999998, 0.803, -0.04064775000000001, 'left:bfT:1')
(1.4269999999999998, 0.803, -0.04064775000000001)
(1.4269999999999998, 0.997, -0.03941075000000001)
(1.0299999999999998, 0.997, -0.03941075000000001, 'left:bnT:-1')
(1.0253540101698135, 0.989876, -0.039503750000000004)