0.0
0.0
1.232067
(0.727018, 0.667147, -0.45132)
(0.6789670000000001, 0.674044, -0.4832490000000001)
(0.622193, 0.686211, -0.4927305)
(0.556214, 0.700272, -0.5034855)
(0.49128400000000005, 0.710647, -0.4910265000000001)
(0.43375700000000006, 0.720386, -0.46496699999999996)
(0.382483, 0.734546, -0.44006999999999996)
(0.005450000000000066, 0.748491, -0.44476050000000006)
(-0.052033999999999914, 0.75095, -0.44568)
(-0.10484699999999991, 0.744925, -0.4589444999999999)
(-0.14071499999999992, 0.741295, -0.4672245)
(-0.2178119999999999, 0.714427, -0.4867949999999999)
(-0.2836239999999999, 0.693772, -0.5054399999999999)
(-0.3388349999999999, 0.68042, -0.49862100000000004)
(-0.38827599999999995, 0.668561, -0.49220250000000004)
(-0.44250900000000004, 0.662462, -0.46745700000000007)
(-0.48969299999999993, 0.674256, -0.439875)
(-0.624382, 0.730172, -0.34961650000000005)
(-0.6761699999999999, 0.743001, -0.3199285)
(-0.730369, 0.746356, -0.28785550000000004)
(-0.782538, 0.750079, -0.24550350000000004)
(-0.8169060000000001, 0.721798, -0.2490735)
(-0.919452750866474, 0.511761, -0.2330315)
(-1.0459770000000002, 0.367683, -0.2236225)
(-1.072912, 0.360458, -0.2221055)
(-1.1007660000000001, 0.361819, -0.2205875)
(-1.1120670000000001, 0.353, -0.21812750000000003, 'right:tfF:1')
(-1.5090670000000002, 0.353, -0.21812750000000003)
(-1.5090670000000002, 0.547, -0.20241950000000003)
(-1.1120670000000001, 0.547, -0.20241950000000003, 'right:tnF:-1')
(-1.0363280000000001, 0.771677, -0.1305035)
(-1.023852, 0.800377, -0.12245300000000002)
(-0.9984760000000001, 0.867591, -0.11579700000000002)
(-0.992515, 0.896367, -0.11875300000000001)
(-0.9961360000000001, 0.925527, -0.12170000000000002)
(-1.0216770000000002, 0.966413, -0.112223)
(-1.044025, 0.981423, -0.11700300000000001)
(-1.0708630000000001, 0.989299, -0.11966)
(-1.098613, 0.9886, -0.12022000000000001)
(-1.1120670000000001, 0.997, -0.11704800000000003)
(-1.1120670000000001, 0.803, -0.12526200000000004)
(-1.089911, 0.810253, -0.114334)
(-1.0524850000000001, 0.803647, -0.13178450000000003)
(-1.022486, 0.79968, -0.14779550000000002)
(-0.8425149999999999, 0.745826, -0.2541925)
(-0.7959319999999999, 0.740271, -0.26890300000000006)
(-0.7325379999999999, 0.732251, -0.29113300000000003)
(-0.6759989999999998, 0.727558, -0.30498850000000005)
(-0.6187969999999998, 0.72727, -0.319564)
(-0.10877300000000001, 0.731523, -0.43091850000000004)
(-0.05484699999999987, 0.734072, -0.444846)
(0.003535000000000066, 0.736816, -0.4596255000000001)
(0.050226000000000104, 0.73903, -0.47142449999999997)
(0.10902500000000004, 0.741847, -0.485601)
(0.16611500000000007, 0.744627, -0.4993755)
(0.22475800000000007, 0.74919, -0.510456)
(0.283386, 0.754746, -0.5209064999999999)
(0.34193000000000007, 0.760181, -0.5311994999999999)
(0.40191600000000005, 0.764091, -0.5371785)
(0.462226, 0.766212, -0.5436254999999999)
(0.5214510000000001, 0.768221, -0.549966)
(0.5926580000000001, 0.772029, -0.560181)
(0.648579, 0.76196, -0.5601479999999999)
(0.8964491989964469, 0.666203, -0.5603339999999999)
(0.9599805766769575, 0.591408, -0.5567205)
(1.096251, 0.538997, -0.557904)
(1.1120670000000001, 0.547, -0.5583089999999999, 'left:bnF:1')
(1.5090670000000002, 0.547, -0.5583089999999999)
(1.5090670000000002, 0.353, -0.5585834999999999)
(1.1120670000000001, 0.353, -0.5585834999999999, 'left:bfF:-1')
(1.080805, 0.359962, -0.5574435)
(1.054146, 0.364525, -0.554808)
(0.893236174856249, 0.57126, -0.49957349999999995)
(0.8390660000000001, 0.66523, -0.466053)
(0.7856350000000001, 0.678764, -0.4598085000000001)
(0.761232, 0.683735, -0.454227)
(0.7209810000000001, 0.691541, -0.44682450000000007)
(0.6863410000000001, 0.69553, -0.44615099999999996)
(0.47564400000000007, 0.729657, -0.46757699999999996)
(0.41962400000000005, 0.736629, -0.47233200000000003)
(0.30697500000000005, 0.750166, -0.4837620000000001)
(0.24635000000000007, 0.757412, -0.48996449999999997)
(0.18588800000000005, 0.759292, -0.49250850000000007)
(0.12493600000000005, 0.757784, -0.49233)
(0.078295, 0.753319, -0.4901640000000001)
(0.019989000000000035, 0.742566, -0.4868385)
(-0.039807999999999955, 0.732011, -0.4836075)
(-0.19982699999999998, 0.704482, -0.4750545)
(-0.25783, 0.696346, -0.47573399999999993)
(-0.315009, 0.692574, -0.481188)
(-0.3962669999999999, 0.686636, -0.48901200000000006)
(-0.45263299999999984, 0.683894, -0.49440449999999997)
(-0.5088889999999999, 0.691271, -0.4997025)
(-0.598787, 0.715962, -0.5116304999999999)
(-0.655805, 0.724079, -0.5154584999999999)
(-1.089369, 0.810209, -0.560659)
(-1.1120670000000001, 0.803, -0.5620149999999999, 'right:tfT:1')
(-1.5090670000000002, 0.803, -0.5620149999999999)
(-1.5090670000000002, 0.997, -0.563509)
(-1.1120670000000001, 0.997, -0.563509, 'right:tnT:-1')
(-1.1111630000000001, 0.985369, -0.5633429999999999)
(-1.078184, 0.98995, -0.563177)
(-0.8732039324218803, 0.898245, -0.5243685)
(-0.3955939999999999, 0.788221, -0.4926675000000001)
(-0.3381979999999999, 0.778098, -0.4908375000000001)
(-0.27940199999999993, 0.769808, -0.4925985)
(-0.21782499999999994, 0.765576, -0.4973745000000001)
(-0.15603099999999992, 0.762641, -0.501738)
(0.21646800000000005, 0.74578, -0.533514)
(0.2778050000000001, 0.743959, -0.535245)
(0.33935400000000004, 0.744869, -0.536184)
(0.40048400000000006, 0.745795, -0.5370375)
(0.46227100000000004, 0.748329, -0.5358255000000001)
(0.522429, 0.757355, -0.5349929999999999)
(0.566949, 0.764616, -0.5336204999999999)
(0.6249, 0.77415, -0.5346344999999999)
(0.9048438155076433, 0.874666, -0.5461425)
(1.079501, 0.990004, -0.5666009999999999)
(1.111494, 0.985257, -0.566737)
(1.1120670000000001, 0.997, -0.566873, 'left:tnT:1')
(1.5090670000000002, 0.997, -0.566873)
(1.5090670000000002, 0.803, -0.570394)
(1.1120670000000001, 0.803, -0.570394, 'left:tfT:-1')
(1.088926, 0.810176, -0.562074)
(0.8846821007297814, 0.728569, -0.5029349999999999)
(0.7448070000000001, 0.692477, -0.47082450000000003)
(0.684315, 0.690526, -0.4704795)
(0.599556, 0.688388, -0.47056499999999996)
(0.539253, 0.691418, -0.4757909999999999)
(0.47872900000000007, 0.696101, -0.4772835)
(0.418235, 0.701263, -0.4803285)
(0.35792, 0.706957, -0.48505950000000003)
(0.14792400000000006, 0.727155, -0.501648)
(0.08841700000000008, 0.731129, -0.505941)
(0.028344000000000036, 0.735513, -0.5078745)
(-0.03204499999999988, 0.735077, -0.5068094999999999)
(-0.19306699999999988, 0.730318, -0.49993950000000004)
(-0.24875499999999995, 0.723177, -0.4939155)
(-0.39782799999999996, 0.700295, -0.47817000000000004)
(-0.4473489999999998, 0.690023, -0.472983)
(-0.4962859999999998, 0.679341, -0.4682340000000001)
(-1.0525390000000001, 0.365075, -0.4557615)
(-1.0805900000000002, 0.359967, -0.4563105000000001)
(-1.1120670000000001, 0.353, -0.45624899999999996, 'right:bfF:1')
(-1.5090670000000002, 0.353, -0.45624899999999996)
(-1.5090670000000002, 0.547, -0.45622650000000003)
(-1.1120670000000001, 0.547, -0.45622650000000003, 'right:bnF:-1')
(-1.103568, 0.537554, -0.4582365)
(-0.7206787843133637, 0.690723, -0.5361210000000001)
(-0.6699389999999998, 0.704587, -0.536802)
(-0.6148089999999999, 0.717485, -0.5356064999999999)
(-0.558889, 0.727637, -0.5323574999999999)
(-0.397771, 0.772854, -0.5178119999999999)
(-0.3423689999999999, 0.783145, -0.5143605)
(-0.2827719999999999, 0.782958, -0.5041304999999999)
(-0.223055, 0.781262, -0.49675200000000014)
(-0.163335, 0.777722, -0.4916715000000001)
(0.0736960000000001, 0.761119, -0.4731945)
(0.13257400000000008, 0.75719, -0.468486)
(0.19054100000000007, 0.748443, -0.47559900000000005)
(0.24946400000000007, 0.739197, -0.4822815000000001)
(0.31219300000000005, 0.729325, -0.489447)
(0.36818600000000007, 0.71929, -0.494238)
(0.42708900000000005, 0.708731, -0.49927950000000004)
(0.5114690000000001, 0.692662, -0.4990470000000001)
(0.5454990000000001, 0.684773, -0.495639)
(0.604935, 0.671832, -0.48969749999999995)
(0.635996, 0.664634, -0.48684600000000006)
(0.689366, 0.657128, -0.48083400000000004)
(0.7527680000000001, 0.647136, -0.47612400000000005)
(0.7920210000000001, 0.650982, -0.4618965)
(0.8435670000000001, 0.65817, -0.4441845)
(0.9274179898230053, 0.732, -0.294634)
(1.014512, 0.798467, -0.1711045)
(1.0443930000000001, 0.803684, -0.16158650000000002)
(1.090989, 0.810349, -0.1483355)
(1.1120670000000001, 0.803, -0.13524800000000003)
(1.1120670000000001, 0.997, -0.114107)
(1.108922, 0.986089, -0.11062700000000002)
(1.079973, 0.990018, -0.10694400000000003)
(1.051897, 0.984696, -0.10513000000000002)
(1.0262710000000002, 0.970346, -0.10534000000000003)
(0.9973050000000001, 0.929191, -0.10082500000000001)
(0.9935670000000001, 0.885818, -0.110588)
(1.001562, 0.860514, -0.11915600000000003)
(1.0215720000000001, 0.81217, -0.14404100000000003)
(1.0334830000000002, 0.784864, -0.1559545)
(1.1120670000000001, 0.547, -0.29688700000000007, 'left:tnF:1')
(1.5090670000000002, 0.547, -0.29688700000000007)
(1.5090670000000002, 0.353, -0.29339500000000013)
(1.1120670000000001, 0.353, -0.29339500000000013, 'left:tfF:-1')
(1.098295, 0.361343, -0.297892)
(1.070038, 0.360812, -0.2934385)
(0.9767810435039486, 0.39169, -0.35328350000000003)
(0.9181566540820318, 0.494761, -0.39368650000000005)
(0.8300670000000001, 0.638427, -0.436164)
(0.7778590000000001, 0.656424, -0.43626750000000003)