0.0
0.0
1.15
(0.33507984523584466, 0.993815, -0.12211975000000001)
(-0.3282624544768013, 0.993747, -0.12399675)
(-0.4321893376334188, 0.993131, -0.12387374999999999)
(-0.9993851614532792, 0.990054, -0.12143075000000002)
(-1.0299999999999998, 0.997, -0.12162375000000002, 'right:bnT:1')
(-1.4269999999999998, 0.997, -0.12162375000000002)
(-1.4269999999999998, 0.803, -0.11783475000000003)
(-1.13, 0.803, -0.11783475000000003, 'right:bfT:-1')
(-1.2299999999999998, 0.863, 0.11453874999999995)
(-1.2299999999999998, 0.803, 0.17453874999999996)
(-1.2299999999999998, 0.7430000000000001, 0.11453874999999995)
(-1.2299999999999998, 0.607, 0.07165724999999999)
(-1.2299999999999998, 0.547, 0.13165725)
(-1.2299999999999998, 0.48700000000000004, 0.07165724999999999)
(-1.2299999999999998, 0.413, 0.07020975)
(-1.2299999999999998, 0.353, 0.13020975)
(-1.2299999999999998, 0.293, 0.07020975)
(-1.21, 0.12, 0.08216524999999998, 'right:tnM:1')
(-1.4499999999999997, 0.12, 0.08216524999999998)
(-1.4499999999999997, -0.12, 0.08216524999999998)
(-1.21, -0.12, 0.08216524999999998, 'right:tfM:-1')
(-1.13, 0.293, 0.07020975)
(-1.13, 0.353, 0.13020975)
(-1.13, 0.413, 0.07020975)
(-1.13, 0.48700000000000004, 0.07165724999999999)
(-1.13, 0.547, 0.13165725)
(-1.13, 0.607, 0.07165724999999999)
(-1.13, 0.7430000000000001, 0.11453874999999995)
(-1.13, 0.803, 0.17453874999999996)
(-1.13, 0.863, 0.11453874999999995)
(-1.0299999999999998, 0.803, -0.11783475000000003)
(-1.0090962870398679, 0.809997, -0.12490875)
(-0.5597661724912327, 0.767174, -0.09246775)
(-0.1996463847493457, 0.672673, -0.01823625000000001)
(0.00844489052550385, 0.667456, -0.012444750000000004)
(1.0233073660981353, 0.539758, 0.058532249999999994)
(1.0299999999999998, 0.547, 0.06015524999999998, 'left:tnF:1')
(1.4269999999999998, 0.547, 0.06015524999999998)
(1.4269999999999998, 0.353, 0.062250249999999965)
(1.0299999999999998, 0.353, 0.062250249999999965, 'left:tfF:-1')
(1.0204292570091598, 0.360176, 0.05786925)
(0.930091195512011, 0.362369, 0.05919524999999999)
(0.7064195791180888, 0.372075, 0.06050925)
(0.6913355808458072, 0.374936, 0.06179175000000002)
(0.5380532110191133, 0.464256, 0.06754875000000003)
(0.1912779336107304, 0.669507, 0.07632525)
(-0.0038086755380671183, 0.678646, 0.07733175000000002)
(-0.5765292120688243, 0.89354, 0.09922425)
(-1.0073913563670684, 0.990019, 0.10874174999999998)
(-1.0299999999999998, 0.997, 0.10769074999999999, 'right:tnT:1')
(-1.4269999999999998, 0.997, 0.10769074999999999)
(-1.4269999999999998, 0.803, 0.11453874999999995)
(-1.0299999999999998, 0.803, 0.11453874999999995, 'right:tfT:-1')
(-0.710347898913896, 0.473741, 0.09987224999999998)
(-0.705538864443056, 0.379756, 0.08634374999999998)
(-0.7049838480252051, 0.347329, 0.08047875)
(-0.6997627055554817, 0.000217, 0.01202425)
(-0.7073900269864268, -0.470201, -0.06471875)
(-1.0642822009225898, -0.720602, -0.10508674999999999)
(-1.0299999999999998, -0.803, -0.12604075000000003, 'right:tnL:1')
(-1.4269999999999998, -0.803, -0.12604075000000003)
(-1.4269999999999998, -0.997, -0.13112675000000001)
(-1.0299999999999998, -0.997, -0.13112675000000001, 'right:tfL:-1')
(-1.0278006726666042, -0.989637, -0.12074275)
(-0.5186337544590055, -0.958977, -0.12471475)
(-0.34595435267154057, -0.94333, -0.12729374999999998)
(0.3226660144288131, -0.937947, -0.12890275)
(0.5598907733868599, -0.95747, -0.12645875)
(1.02618547518711, -0.989683, -0.12287875)
(1.0299999999999998, -0.997, -0.12319175, 'left:tfL:1')
(1.4269999999999998, -0.997, -0.12319175)
(1.4269999999999998, -0.803, -0.12296475)
(1.0299999999999998, -0.803, -0.12296475, 'left:tnL:-1')
(0.7090916342076227, -0.472311, -0.06460575)
(0.7023982026773727, -0.153273, -0.006299750000000007)
(0.6997627055554817, 6.1e-05, 0.018161250000000004)
(0.7015075176475284, 0.341006, 0.07882575000000001)
(0.7017634234210282, 0.372519, 0.08639625)
(0.7024513779030352, 0.462043, 0.10726575000000003)
(1.0299999999999998, 0.803, 0.10860974999999999, 'left:tfT:1')
(1.4269999999999998, 0.803, 0.10860974999999999)
(1.4269999999999998, 0.997, 0.11636575)
(1.0299999999999998, 0.997, 0.11636575, 'left:tnT:-1')
(1.003034311314359, 0.990046, 0.12156874999999999)
(0.4776768394261337, 0.876284, 0.11952875)
(0.20124496497081965, 0.687532, 0.10423424999999999)
(0.006061975725508906, 0.678636, 0.10369574999999999)
(-0.516672736373017, 0.491159, 0.07992975000000001)
(-0.6981641253340071, 0.376704, 0.06344474999999998)
(-0.8033945734682213, 0.369107, 0.06255375)
(-0.9786501468965607, 0.360156, 0.06508575000000001)
(-1.0299999999999998, 0.353, 0.07020975, 'right:tfF:1')
(-1.4269999999999998, 0.353, 0.07020975)
(-1.4269999999999998, 0.547, 0.07165724999999999)
(-1.0299999999999998, 0.547, 0.07165724999999999, 'right:tnF:-1')
(-1.0233140130013425, 0.539757, 0.06908475000000001)
(-0.3949792387892022, 0.610134, 0.010711250000000005)
(-0.11228281243768587, 0.658111, -0.028812750000000012)
(0.09415338393842299, 0.663096, -0.03418575)
(0.5962864319732468, 0.772866, -0.09350375000000001)
(1.0081790143971923, 0.809988, -0.11471975)
(1.0299999999999998, 0.803, -0.11513575)
(1.13, 0.863, 0.10860974999999999)
(1.13, 0.803, 0.16860975)
(1.13, 0.7430000000000001, 0.10860974999999999)
(1.13, 0.607, 0.06015524999999998)
(1.13, 0.547, 0.12015524999999998)
(1.13, 0.48700000000000004, 0.06015524999999998)
(1.13, 0.413, 0.062250249999999965)
(1.13, 0.353, 0.12225024999999996)
(1.13, 0.293, 0.062250249999999965)
(1.21, -0.12, 0.08486425000000002, 'left:tfM:1')
(1.4499999999999997, -0.12, 0.08486425000000002)
(1.4499999999999997, 0.12, 0.08486425000000002)
(1.21, 0.12, 0.08486425000000002, 'left:tnM:-1')
(1.2299999999999998, 0.293, 0.062250249999999965)
(1.2299999999999998, 0.353, 0.12225024999999996)
(1.2299999999999998, 0.413, 0.062250249999999965)
(1.2299999999999998, 0.48700000000000004, 0.06015524999999998)
(1.2299999999999998, 0.547, 0.12015524999999998)
(1.2299999999999998, 0.607, 0.06015524999999998)
(1.2299999999999998, 0.7430000000000001, 0.10860974999999999)
(1.2299999999999998, 0.803, 0.16860975)
(1.2299999999999998, 0.863, 0.10860974999999999)
(1.13, 0.803, -0.11513575, 'left:bfT:1')
(1.4269999999999998, 0.803, -0.11513575)
(1.4269999999999998, 0.997, -0.11501975000000002)
(1.0299999999999998, 0.997, -0.11501975000000002, 'left:bnT:-1')
(0.9962179120747646, 0.99005, -0.11513875)
(0.5351751464355824, 0.991581, -0.11825575)