0.0
0.0
1.2424274999999998
(0.8023594999999999, 0.610017, -0.5920542499999999)
(0.7579905, 0.617095, -0.61992125)
(0.7031034999999999, 0.633015, -0.63688175)
(0.6454325000000001, 0.64528, -0.64924775)
(0.5713845, 0.660267, -0.66406025)
(0.5091965, 0.665297, -0.64207925)
(0.4566695, 0.66972, -0.63647225)
(0.3975355, 0.67401, -0.63356225)
(0.31059650000000005, 0.677988, -0.6354312499999999)
(0.2515255, 0.681258, -0.63157325)
(0.21658750000000004, 0.68315, -0.63138125)
(0.15768550000000003, 0.68688, -0.63144875)
(0.09864450000000002, 0.690517, -0.6323907499999999)
(0.05858350000000001, 0.692982, -0.6331242499999999)
(0.0011664999999999592, 0.696405, -0.63487925)
(-0.056778499999999954, 0.699916, -0.6367197499999999)
(-0.1446035, 0.686647, -0.65736425)
(-0.21036350000000004, 0.66384, -0.68272475)
(-0.26428850000000004, 0.644912, -0.67512125)
(-0.31291750000000007, 0.629756, -0.66483725)
(-0.4184994999999999, 0.622363, -0.5944032499999999)
(-0.4605005000000001, 0.630055, -0.56400875)
(-0.5227894999999999, 0.642776, -0.5155332499999999)
(-0.5753624999999999, 0.649774, -0.48510725000000005)
(-0.6290665000000001, 0.65698, -0.46456225)
(-0.6873474999999999, 0.65472, -0.43801825)
(-0.7513685, 0.652524, -0.40552375)
(-0.7805395, 0.638857, -0.41534275000000004)
(-0.8269075, 0.616786, -0.42832525000000005)
(-0.8773045, 0.59166, -0.42045175000000007)
(-1.0070125940823642, 0.427017, -0.36093975000000006)
(-1.0821255, 0.360562, -0.29610875000000003)
(-1.1183294999999998, 0.363689, -0.29486575000000004)
(-1.1224274999999997, 0.353, -0.29363275000000005, 'right:tfF:1')
(-1.5194274999999997, 0.353, -0.29363275000000005)
(-1.5194274999999997, 0.547, -0.28915275)
(-1.2224274999999998, 0.547, -0.28915275, 'right:tnF:-1')
(-1.3024274999999998, 0.78, -0.55208225, 'right:tfT:1')
(-1.5424274999999996, 0.78, -0.55208225)
(-1.5424274999999996, 1.02, -0.55208225)
(-1.3024274999999998, 1.02, -0.55208225, 'right:tnT:-1')
(-1.1224274999999997, 0.547, -0.28915275)
(-0.9811377944808856, 0.577935, -0.37292275)
(-0.8215454999999999, 0.626155, -0.3941597500000001)
(-0.7691065, 0.625399, -0.40154575000000003)
(-0.7291165000000001, 0.638544, -0.40583125000000003)
(-0.6790665000000001, 0.655369, -0.41195875000000004)
(-0.6166785, 0.675774, -0.46184725)
(-0.5804934999999999, 0.66545, -0.49514975)
(-0.5587224999999999, 0.659358, -0.52035275)
(-0.5128045, 0.634289, -0.54535775)
(-0.4601084999999999, 0.604415, -0.57543725)
(-0.4166385, 0.618016, -0.56528225)
(-0.09629849999999995, 0.667508, -0.6282522500000001)
(-0.037919499999999995, 0.67603, -0.64017425)
(0.020162499999999972, 0.684812, -0.65183525)
(0.07683150000000005, 0.693102, -0.66353075)
(0.1388585, 0.703001, -0.67736975)
(0.1949975, 0.716385, -0.6819282499999999)
(0.5197434999999999, 0.798795, -0.71045525)
(0.5765905, 0.812697, -0.7153212499999999)
(0.6354365, 0.821287, -0.72169325)
(0.6818275, 0.82804, -0.72673925)
(0.7399065, 0.831267, -0.7392042500000001)
(0.8002704999999999, 0.829086, -0.75006125)
(0.8592835000000001, 0.822494, -0.75691125)
(0.9817090617606223, 0.678092, -0.76527425)
(1.025952616051451, 0.606405, -0.75693325)
(1.1224274999999997, 0.547, -0.7484187499999999, 'left:bnF:1')
(1.5194274999999997, 0.547, -0.7484187499999999)
(1.5194274999999997, 0.353, -0.7495002499999999)
(1.1224274999999997, 0.353, -0.7495002499999999, 'left:bfF:-1')
(1.1214095, 0.364667, -0.7466907500000001)
(1.0886005, 0.360037, -0.74604575)
(1.0609665000000001, 0.365699, -0.74258825)
(0.9411401641002397, 0.560255, -0.6619722499999999)
(0.9033374999999999, 0.609073, -0.64498625)
(0.8621475000000001, 0.618527, -0.6403797499999999)
(0.8155515, 0.626254, -0.6350757499999999)
(0.7445284999999999, 0.638785, -0.62851775)
(0.6885825000000001, 0.649264, -0.6211752500000001)
(0.6411625000000001, 0.657627, -0.61418975)
(0.5596565, 0.670619, -0.61106225)
(0.4591335, 0.683196, -0.62640575)
(0.40074550000000003, 0.690197, -0.63521825)
(0.3108145, 0.699008, -0.64379075)
(0.2515185, 0.704675, -0.65021075)
(0.21436650000000002, 0.708336, -0.65371475)
(0.1550825, 0.71121, -0.65722775)
(0.1250775, 0.711232, -0.65838725)
(0.06330449999999999, 0.70981, -0.66107225)
(0.01021749999999999, 0.699476, -0.6570327499999999)
(-0.04880450000000003, 0.689497, -0.65432225)
(-0.10581450000000003, 0.67996, -0.65174675)
(-0.1641404999999999, 0.668366, -0.65129825)
(-0.2696035, 0.650311, -0.65334275)
(-0.3276294999999999, 0.640793, -0.6549507499999999)
(-0.38401450000000004, 0.63685, -0.66132425)
(-0.44163549999999996, 0.633706, -0.66913625)
(-0.4996014999999999, 0.633009, -0.6795957499999999)
(-0.8442104999999999, 0.682343, -0.69680225)
(-0.8990634999999999, 0.69039, -0.69971525)
(-1.0268309331389616, 0.758932, -0.7306692499999999)
(-1.0982515, 0.810122, -0.75168725)
(-1.1224274999999997, 0.803, -0.75208225, 'right:bfT:1')
(-1.5194274999999997, 0.803, -0.75208225)
(-1.5194274999999997, 0.997, -0.75297825)
(-1.1224274999999997, 0.997, -0.75297825, 'right:bnT:-1')
(-1.1211595, 0.985417, -0.75265125)
(-1.0880955, 0.989939, -0.75232525)
(-0.9577140521238451, 0.883595, -0.7115412499999999)
(-0.4571925, 0.789801, -0.6924642499999999)
(-0.3988185000000001, 0.782581, -0.6924597499999999)
(-0.3405125, 0.777286, -0.69347975)
(-0.28373550000000003, 0.774552, -0.69898625)
(-0.2251495, 0.774863, -0.70184825)
(0.5352935, 0.800525, -0.73351925)
(0.5954665, 0.803665, -0.73368125)
(0.6557584999999999, 0.808204, -0.7329087500000001)
(0.7220424999999999, 0.813205, -0.73206425)
(0.7822804999999999, 0.819181, -0.7305087499999999)
(0.8225534999999999, 0.823519, -0.72948275)
(0.977758332566465, 0.88322, -0.7303797499999999)
(1.0894434999999998, 0.989997, -0.75705625)
(1.1216874999999997, 0.985239, -0.75733425)
(1.1224274999999997, 0.997, -0.75761125, 'left:bnT:1')
(1.5194274999999997, 0.997, -0.75761125)
(1.5194274999999997, 0.803, -0.7567252499999999)
(1.1224274999999997, 0.803, -0.7567252499999999, 'left:bfT:-1')
(1.0981985, 0.810118, -0.75767925)
(0.949958479437987, 0.718708, -0.67011725)
(0.6620515, 0.663779, -0.63614525)
(0.6311125, 0.659607, -0.6349827499999999)
(0.5715855, 0.654481, -0.63645425)
(0.5126915, 0.64985, -0.63825125)
(0.4591965, 0.65369, -0.64583675)
(0.4003745, 0.657534, -0.65339525)
(0.3411915, 0.663469, -0.6610752499999999)
(0.2820585, 0.669941, -0.66899375)
(0.12782550000000004, 0.688288, -0.6882207499999999)
(0.06816049999999996, 0.691619, -0.6902577499999999)
(-0.13183749999999994, 0.694092, -0.68399075)
(-0.18865750000000003, 0.686769, -0.67887875)
(-0.3855255000000001, 0.654936, -0.65828375)
(-0.44140349999999995, 0.642604, -0.65347925)
(-0.4972385, 0.627664, -0.64898075)
(-0.7345475, 0.563483, -0.62894825)
(-1.0872164999999998, 0.36011, -0.59456975)
(-1.1206355000000001, 0.36441, -0.59450675)
(-1.1224274999999997, 0.353, -0.5944437499999999, 'right:bfF:1')
(-1.5194274999999997, 0.353, -0.5944437499999999)
(-1.5194274999999997, 0.547, -0.59480975)
(-1.1224274999999997, 0.547, -0.59480975, 'right:bnF:-1')
(-1.1158445000000001, 0.537012, -0.6005847499999999)
(-1.011961236429796, 0.585722, -0.65877725)
(-0.9321255, 0.669501, -0.71584625)
(-0.8787945, 0.683935, -0.7216797500000001)
(-0.8246114999999999, 0.697298, -0.7212927499999999)
(-0.47263749999999993, 0.78449, -0.7190502500000001)
(-0.41323049999999995, 0.795397, -0.70961525)
(-0.35821749999999997, 0.793787, -0.6915522500000001)
(-0.3019075, 0.788461, -0.67607225)
(-0.24374649999999998, 0.777111, -0.66939275)
(0.03292649999999997, 0.719305, -0.64231625)
(0.09224850000000001, 0.708011, -0.63609425)
(0.1533605, 0.699854, -0.64365425)
(0.2133355, 0.692805, -0.65296325)
(0.2668765, 0.686707, -0.6613782500000001)
(0.3185005, 0.680757, -0.66655625)
(0.3757105, 0.673501, -0.66515825)
(0.4326155, 0.666239, -0.66378875)
(0.5247815, 0.651343, -0.66141575)
(0.5803024999999999, 0.641589, -0.65958425)
(0.6508475, 0.629101, -0.65715425)
(0.7067435, 0.62003, -0.65197325)
(0.8171065, 0.60659, -0.63908975)
(0.8706944999999999, 0.603572, -0.6214347499999999)
(0.9109665, 0.610528, -0.61331825)
(1.0219316639109133, 0.560057, -0.43137325)
(1.0951434999999998, 0.540019, -0.37450975000000003)
(1.1220765, 0.535106, -0.37469575000000005)
(1.1224274999999997, 0.547, -0.37437375)
(1.3024274999999998, 1.02, -0.55672525, 'left:tnT:1')
(1.5424274999999996, 1.02, -0.55672525)
(1.5424274999999996, 0.78, -0.55672525)
(1.3024274999999998, 0.78, -0.55672525, 'left:tfT:-1')
(1.2224274999999998, 0.547, -0.37437375, 'left:tnF:1')
(1.5194274999999997, 0.547, -0.37437375)
(1.5194274999999997, 0.353, -0.37388775)
(1.1224274999999997, 0.353, -0.37388775, 'left:tfF:-1')
(1.1008705, 0.360324, -0.37870675000000004)
(1.0737125, 0.361957, -0.38349075000000005)
(0.9851117765889088, 0.475893, -0.48471424999999996)