0.0
0.0
1.15
(0.31728109721471076, 0.842897, -0.08299324999999998)
(-0.19569929303447156, 0.842529, -0.02930524999999999)
(-0.2781361319668984, 0.84146, -0.02757875)
(-0.3607483421932373, 0.840419, -0.030298249999999985)
(-0.4477585356496956, 0.842897, -0.037427749999999996)
(-0.5288129555543376, 0.845049, -0.04269724999999998)
(-0.5712308872691398, 0.847393, -0.04449724999999999)
(-0.625, 0.845446, -0.062158249999999984)
(-0.6955937962404776, 0.846905, -0.07865074999999998)
(-0.7424672548912149, 0.843395, -0.09161974999999999)
(-0.7950594618293417, 0.873622, -0.08987674999999999)
(-0.9556105113169285, 0.984024, -0.09565475)
(-1.0121704937797993, 0.989614, -0.09435274999999997)
(-1.0299999999999998, 0.997, -0.09660875000000001, 'right:bnT:1')
(-1.4269999999999998, 0.997, -0.09660875000000001)
(-1.4269999999999998, 0.803, -0.09133475000000003)
(-1.0299999999999998, 0.803, -0.09133475000000003, 'right:bfT:-1')
(-1.0043774319066143, 0.810003, -0.10021574999999998)
(-0.8139557187482871, 0.850801, -0.07220674999999999)
(-0.748882008001315, 0.854153, -0.07018024999999999)
(-0.6689510604482929, 0.857539, -0.06733774999999999)
(-0.620070422535211, 0.860105, -0.06515075)
(-0.5425357593028991, 0.854849, -0.06418324999999998)
(-0.4627568915438152, 0.848526, -0.05976274999999999)
(-0.37925412396558306, 0.840155, -0.05412425)
(-0.33535512687017016, 0.836965, -0.05124274999999999)
(-0.2409341261577246, 0.830433, -0.04584574999999998)
(-0.15863018578396437, 0.824755, -0.04111474999999999)
(0.1266468460568862, 0.732942, 0.03194125000000002)
(0.20956047569463493, 0.727287, 0.03661674999999999)
(0.330581910968564, 0.68608, 0.05599775000000001)
(0.6577519592261744, 0.58874, 0.09145375000000001)
(1.0099372499588972, 0.539761, 0.10538775000000002)
(1.0299999999999998, 0.547, 0.10585675000000001, 'left:tnF:1')
(1.4269999999999998, 0.547, 0.10585675000000001)
(1.4269999999999998, 0.353, 0.10603375000000002)
(1.0299999999999998, 0.353, 0.10603375000000002, 'left:tfF:-1')
(0.8336623605496005, 0.257255, 0.08432475000000002)
(0.45883939477087576, 0.147578, 0.06729475)
(0.3348173744412975, -0.093243, 0.03913575000000001)
(0.10694223708006824, -0.281181, -0.002270749999999995)
(0.04688304926837319, -0.298063, -0.0070227499999999735)
(-0.1182059396861293, -0.569868, -0.08499724999999998)
(-0.6642694689538006, -0.773999, -0.09143224999999998)
(-0.7174878062147201, -0.788038, -0.08920325)
(-0.7809516632871156, -0.799931, -0.08020624999999999)
(-0.8513043239984653, -0.804636, -0.07547224999999998)
(-1.0299999999999998, -0.803, -0.10263774999999999)
(-1.13, 0.293, 0.11253675)
(-1.13, 0.353, 0.05253675000000001)
(-1.13, 0.413, 0.11253675)
(-1.13, 0.48700000000000004, 0.11537475000000001)
(-1.13, 0.547, 0.055374750000000014)
(-1.13, 0.607, 0.11537475000000001)
(-1.21, 1.02, 0.10866524999999998, 'right:tnT:1')
(-1.4499999999999997, 1.02, 0.10866524999999998)
(-1.4499999999999997, 0.78, 0.10866524999999998)
(-1.21, 0.78, 0.10866524999999998, 'right:tfT:-1')
(-1.2299999999999998, 0.607, 0.11537475000000001)
(-1.2299999999999998, 0.547, 0.055374750000000014)
(-1.2299999999999998, 0.48700000000000004, 0.11537475000000001)
(-1.2299999999999998, 0.413, 0.11253675)
(-1.2299999999999998, 0.353, 0.05253675000000001)
(-1.2299999999999998, 0.293, 0.11253675)
(-1.13, -0.803, -0.10263774999999999, 'right:tnL:1')
(-1.4269999999999998, -0.803, -0.10263774999999999)
(-1.4269999999999998, -0.997, -0.10628624999999998)
(-1.0299999999999998, -0.997, -0.10628624999999998, 'right:tfL:-1')
(-1.00901929084233, -0.989812, -0.09538474999999998)
(-0.9717816627390802, -0.987667, -0.08948224999999997)
(-0.9368087904861071, -0.977346, -0.09081125)
(-0.8683043788019946, -0.826545, -0.09293074999999999)
(-0.832014851756453, -0.796224, -0.09959675)
(-0.739943552364772, -0.775852, -0.07681024999999998)
(-0.6716871266509563, -0.776376, -0.06882724999999999)
(-0.3151285142763193, -0.794037, -0.015565249999999989)
(-0.03729612921985507, -0.789015, -0.024940249999999983)
(0.35592772934132033, -0.792438, -0.0057312499999999725)
(0.46938948868307145, -0.780292, -0.03866974999999999)
(0.5453005973584699, -0.780379, -0.041131249999999994)
(0.5917767304214392, -0.773471, -0.07062424999999999)
(0.6419507316271169, -0.788926, -0.08709874999999999)
(0.6750904258234233, -0.821801, -0.08033675)
(0.9658711020989751, -0.98654, -0.08854024999999997)
(1.0070984271387073, -0.989904, -0.09478774999999999)
(1.0299999999999998, -0.997, -0.09864875, 'left:tfL:1')
(1.4269999999999998, -0.997, -0.09864875)
(1.4269999999999998, -0.803, -0.10282174999999998)
(1.13, -0.803, -0.10282174999999998, 'left:tnL:-1')
(1.2299999999999998, 0.293, 0.10603375000000002)
(1.2299999999999998, 0.353, 0.046033750000000026)
(1.2299999999999998, 0.413, 0.10603375000000002)
(1.2299999999999998, 0.48700000000000004, 0.10585675000000001)
(1.2299999999999998, 0.547, 0.045856750000000016)
(1.2299999999999998, 0.607, 0.10585675000000001)
(1.21, 0.78, 0.11297775000000003, 'left:tfT:1')
(1.4499999999999997, 0.78, 0.11297775000000003)
(1.4499999999999997, 1.02, 0.11297775000000003)
(1.21, 1.02, 0.11297775000000003, 'left:tnT:-1')
(1.13, 0.607, 0.10585675000000001)
(1.13, 0.547, 0.045856750000000016)
(1.13, 0.48700000000000004, 0.10585675000000001)
(1.13, 0.413, 0.10603375000000002)
(1.13, 0.353, 0.046033750000000026)
(1.13, 0.293, 0.10603375000000002)
(1.0299999999999998, -0.803, -0.10282174999999998)
(0.6722365320326631, -0.797904, -0.06594725)
(0.6151298843645532, -0.793715, -0.06425974999999999)
(0.5659533073929962, -0.790375, -0.06287675)
(0.5073327122266675, -0.77673, -0.06345424999999999)
(0.3375943884440723, -0.512527, -0.09268324999999998)
(0.10858771304872034, -0.29591, -0.027109249999999988)
(0.04854770647229707, -0.27874, -0.021268250000000002)
(-0.05726262678250127, -0.104397, 0.03168325000000001)
(-0.8398257247766754, 0.233861, 0.09482975000000003)
(-1.0299999999999998, 0.353, 0.11253675, 'right:tfF:1')
(-1.4269999999999998, 0.353, 0.11253675)
(-1.4269999999999998, 0.547, 0.11537475000000001)
(-1.0299999999999998, 0.547, 0.11537475000000001, 'right:tnF:-1')
(-1.0064216035512683, 0.539932, 0.11520775000000004)
(-0.2366731517509729, 0.608326, 0.06792775)
(0.18303967775524754, 0.720258, 0.014992750000000013)
(0.2638762536307339, 0.725858, 0.011664250000000001)
(0.4728393708554834, 0.837399, -0.06777725)
(0.5546213076122104, 0.843969, -0.07123924999999999)
(0.630291280758481, 0.848995, -0.07369774999999999)
(0.7074971228147093, 0.853021, -0.061174249999999986)
(0.7674754754206171, 0.85182, -0.05072375)
(0.8288622787307502, 0.848575, -0.05088424999999998)
(0.9961212802104453, 0.809991, -0.08620474999999998)
(1.0299999999999998, 0.803, -0.08896775, 'left:bfT:1')
(1.4269999999999998, 0.803, -0.08896775)
(1.4269999999999998, 0.997, -0.08702224999999998)
(1.0299999999999998, 0.997, -0.08702224999999998, 'left:bnT:-1')
(1.0096591220474598, 0.989777, -0.08384825)
(0.9683413711843041, 0.987039, -0.08627375)
(0.8035156464076287, 0.87117, -0.07290574999999998)
(0.7585589411958131, 0.842085, -0.07373374999999999)
(0.6864128349865734, 0.836, -0.058513249999999975)
(0.6122924316325973, 0.844204, -0.05122024999999998)
(0.5570134816682197, 0.846803, -0.04698574999999998)
(0.4753397818819534, 0.848127, -0.047698249999999984)