0.0
0.0
1.3300074999999998
(0.20213949999999997, 0.823933, -0.10535624999999997)
(-0.3295505000000002, 0.816423, -0.09713175)
(-0.3897185000000002, 0.816527, -0.09598424999999998)
(-0.4211355, 0.817001, -0.09550724999999997)
(-0.4773875000000002, 0.811907, -0.11421374999999999)
(-0.5436585000000002, 0.817379, -0.12191624999999999)
(-0.6037445000000002, 0.822457, -0.12899624999999998)
(-0.6339295000000001, 0.825402, -0.13270725)
(-0.6641005000000001, 0.828623, -0.13664775)
(-0.7229415, 0.833603, -0.14327774999999998)
(-0.7799005, 0.840644, -0.14830875)
(-0.8395135000000001, 0.847781, -0.15056324999999998)
(-1.1779235, 0.990033, -0.19804024999999997)
(-1.2094855, 0.985043, -0.19791025)
(-1.2100074999999997, 0.997, -0.19778125000000002, 'right:bnT:1')
(-1.6070074999999997, 0.997, -0.19778125000000002)
(-1.6070074999999997, 0.803, -0.20063825000000002)
(-1.3100074999999998, 0.803, -0.20063825000000002, 'right:bfT:-1')
(-1.4100074999999996, 0.863, 0.06178124999999997)
(-1.4100074999999996, 0.803, 0.12178124999999997)
(-1.4100074999999996, 0.7430000000000001, 0.06178124999999997)
(-1.4100074999999996, 0.607, 0.09384325)
(-1.4100074999999996, 0.547, 0.033843250000000005)
(-1.4100074999999996, 0.48700000000000004, 0.09384325)
(-1.4100074999999996, 0.413, 0.09295025)
(-1.4100074999999996, 0.353, 0.15295025)
(-1.4100074999999996, 0.293, 0.09295025)
(-1.3900074999999998, -0.78, -0.004390250000000026, 'right:tnL:1')
(-1.6300074999999996, -0.78, -0.004390250000000026)
(-1.6300074999999996, -1.02, -0.004390250000000026)
(-1.3900074999999998, -1.02, -0.004390250000000026, 'right:tfL:-1')
(-1.3100074999999998, 0.293, 0.09295025)
(-1.3100074999999998, 0.353, 0.15295025)
(-1.3100074999999998, 0.413, 0.09295025)
(-1.3100074999999998, 0.48700000000000004, 0.09384325)
(-1.3100074999999998, 0.547, 0.033843250000000005)
(-1.3100074999999998, 0.607, 0.09384325)
(-1.3100074999999998, 0.7430000000000001, 0.06178124999999997)
(-1.3100074999999998, 0.803, 0.12178124999999997)
(-1.3100074999999998, 0.863, 0.06178124999999997)
(-1.2100074999999997, 0.803, -0.20063825000000002)
(-1.2087615, 0.814709, -0.19441025)
(-1.1769215000000002, 0.809994, -0.19389625)
(-1.064355026881195, 0.815464, -0.17863425)
(-0.8173735000000003, 0.84106, -0.12613275000000002)
(-0.7574055000000003, 0.843714, -0.12377324999999999)
(-0.6727545000000003, 0.843289, -0.12799125)
(-0.6220635000000002, 0.839953, -0.12900675)
(-0.5616615000000001, 0.834103, -0.12813675000000002)
(-0.5013705, 0.827581, -0.12612225)
(-0.4474925000000002, 0.821693, -0.12432674999999997)
(-0.3887735000000002, 0.81407, -0.11931825)
(-0.32912050000000015, 0.806349, -0.11420774999999998)
(-0.06566850000000002, 0.76194, -0.07290674999999999)
(-0.008380500000000013, 0.75496, -0.06648974999999999)
(0.5774524999999999, 0.662235, 0.012110250000000017)
(0.9332294999999999, 0.607121, 0.04241775000000002)
(1.2100074999999997, 0.547, 0.08546425, 'left:tnF:1')
(1.6070074999999997, 0.547, 0.08546425)
(1.6070074999999997, 0.353, 0.08508724999999999)
(1.2100074999999997, 0.353, 0.08508724999999999, 'left:tfF:-1')
(1.2015325, 0.362592, 0.08322424999999999)
(0.9071235026979845, 0.291235, 0.06481825000000001)
(0.31281349999999997, 0.168613, 0.010473750000000004)
(0.25778349999999994, 0.155325, 0.0026017500000000138)
(0.20604649999999997, 0.130486, -0.006063749999999979)
(0.09477550000000001, 0.00499, -0.04843124999999998)
(0.04531750000000001, -0.017846, -0.05190224999999998)
(-0.01217350000000006, -0.026057, -0.04067474999999998)
(-0.05423850000000008, -0.015112, -0.022412249999999995)
(-0.10048050000000008, 0.004219, -0.015690750000000003)
(-0.1806415, 0.09358, 0.006791250000000026)
(-0.23064150000000005, 0.116338, 0.00697724999999999)
(-0.28287050000000014, 0.14186, 0.007706250000000026)
(-0.3350915000000002, 0.167286, 0.00827325000000001)
(-0.7772555000000002, 0.423877, 0.027962250000000008)
(-0.8895135, 0.609899, 0.030743249999999986)
(-0.9306854999999999, 0.63466, 0.03391124999999999)
(-1.04618531909732, 0.85702, 0.05831325)
(-1.1305725, 0.975366, 0.06522725)
(-1.1696944999999999, 0.989477, 0.07015924999999999)
(-1.2100074999999997, 0.997, 0.07509124999999998, 'right:tnT:1')
(-1.6070074999999997, 0.997, 0.07509124999999998)
(-1.6070074999999997, 0.803, 0.06178124999999997)
(-1.2100074999999997, 0.803, 0.06178124999999997, 'right:tfT:-1')
(-1.0913975000000002, 0.46683, -0.005825249999999976)
(-1.0922874999999999, 0.210619, -0.034742249999999975)
(-1.0898115000000002, -0.000389, -0.06314775)
(-1.0932275000000002, -0.474571, -0.13236074999999997)
(-1.2100074999999997, -0.803, -0.20600725000000003, 'right:bnL:1')
(-1.6070074999999997, -0.803, -0.20600725000000003)
(-1.6070074999999997, -0.997, -0.20439025000000005)
(-1.2100074999999997, -0.997, -0.20439025000000005, 'right:bfL:-1')
(-1.1884435, -0.989644, -0.20914325)
(-1.1617335, -0.98821, -0.21053625000000004)
(-1.1364925000000001, -0.978921, -0.21019925)
(-0.9810725146291385, -0.763691, -0.19094824999999999)
(-0.40196850000000006, -0.230179, -0.11992124999999997)
(-0.12957950000000007, -0.017461, -0.06207825)
(-0.0755245, -0.00525, -0.04157775)
(-0.033327500000000065, -0.006314, -0.037497749999999996)
(0.024247499999999977, -0.011201, -0.03321674999999999)
(0.09657549999999993, -0.01966, -0.03183524999999998)
(0.15213949999999998, -0.025464, -0.03149924999999998)
(0.5114055867520675, -0.291191, -0.07556774999999998)
(0.9600783660992758, -0.697966, -0.15030525)
(1.1358095000000001, -0.978542, -0.19901124999999997)
(1.1611215000000001, -0.988081, -0.20087225000000003)
(1.1878805, -0.989696, -0.20150325000000002)
(1.2100074999999997, -0.997, -0.20176325, 'left:bfL:1')
(1.6070074999999997, -0.997, -0.20176325)
(1.6070074999999997, -0.803, -0.20348925)
(1.2100074999999997, -0.803, -0.20348925, 'left:bnL:-1')
(1.0926075000000002, -0.472266, -0.13431375)
(1.0832294999999998, -0.19753, -0.09003375000000001)
(1.0898545, 0.447208, 0.005700750000000032)
(1.0937245, 0.476258, 0.010827750000000025)
(1.2121225, 0.746733, 0.07186525)
(1.2100074999999997, 0.803, 0.09268825000000001, 'left:tfT:1')
(1.6070074999999997, 0.803, 0.09268825000000001)
(1.6070074999999997, 0.997, 0.08358924999999999)
(1.2100074999999997, 0.997, 0.08358924999999999, 'left:tnT:-1')
(1.1947705000000002, 0.988811, 0.07481825000000002)
(1.1669585000000002, 0.989124, 0.06825425)
(1.1405155000000002, 0.981002, 0.06520925000000001)
(0.9269155, 0.625527, 0.011343749999999986)
(0.7846227565241533, 0.475433, -0.005181749999999985)
(0.30931449999999994, 0.182808, -0.022661249999999994)
(0.26124649999999994, 0.152479, -0.02359124999999998)
(0.21304649999999997, 0.121568, -0.02043824999999999)
(0.14903749999999993, -0.021478, -0.010812749999999982)
(0.11113849999999992, -0.04596, -0.008921249999999992)
(0.028033499999999933, -0.046135, -0.036269249999999975)
(-0.03302450000000001, -0.027558, -0.07004324999999997)
(-0.0668105, -0.003681, -0.06515324999999998)
(-0.11579850000000003, 0.023134, -0.05236425)
(-0.17957950000000011, 0.109665, -0.0034672499999999773)
(-0.2328705000000001, 0.134673, 0.008780250000000017)
(-0.29018750000000015, 0.154307, 0.027545250000000007)
(-0.3464615000000001, 0.165579, 0.03329625000000001)
(-0.8941834999999999, 0.274747, 0.08291425000000001)
(-1.0514252882991335, 0.330305, 0.09121225000000001)
(-1.1781535, 0.359963, 0.09344125000000002)
(-1.2100074999999997, 0.353, 0.09295025, 'right:tfF:1')
(-1.6070074999999997, 0.353, 0.09295025)
(-1.6070074999999997, 0.547, 0.09384325)
(-1.2100074999999997, 0.547, 0.09384325, 'right:tnF:-1')
(-0.9398115000000001, 0.607219, 0.057041249999999974)
(-0.8909755, 0.612236, 0.05219024999999998)
(-0.6584048670073924, 0.657355, 0.005730750000000007)
(-0.09244950000000007, 0.745822, -0.08400525000000002)
(-0.03494950000000008, 0.751091, -0.08980874999999998)
(0.23002149999999993, 0.802691, -0.13041975)
(0.31670349999999997, 0.816806, -0.13484324999999997)
(0.3761034999999999, 0.826135, -0.13503074999999998)
(0.4357384999999999, 0.834437, -0.13365525)
(0.49551049999999996, 0.840334, -0.13297725)
(0.5549135, 0.846265, -0.13222725000000002)
(0.5939734999999999, 0.849689, -0.13114125)
(0.6543644999999999, 0.852751, -0.13096275000000002)
(0.7148475, 0.855794, -0.13088475)
(0.7665615, 0.856393, -0.12988424999999998)
(0.8254914999999999, 0.852722, -0.13253325)
(0.9608944818437628, 0.833144, -0.14595825)
(1.1781305, 0.809963, -0.19034125000000002)
(1.2094105000000002, 0.814931, -0.19056625)
(1.2100074999999997, 0.803, -0.19079125000000002)
(1.3100074999999998, 0.863, 0.09268825000000001)
(1.3100074999999998, 0.803, 0.15268825000000003)
(1.3100074999999998, 0.7430000000000001, 0.09268825000000001)
(1.3100074999999998, 0.607, 0.08546425)
(1.3100074999999998, 0.547, 0.025464250000000008)
(1.3100074999999998, 0.48700000000000004, 0.08546425)
(1.3100074999999998, 0.413, 0.08508724999999999)
(1.3100074999999998, 0.353, 0.14508725)
(1.3100074999999998, 0.293, 0.08508724999999999)
(1.3900074999999998, -1.02, -0.0017632499999999801, 'left:tfL:1')
(1.6300074999999996, -1.02, -0.0017632499999999801)
(1.6300074999999996, -0.78, -0.0017632499999999801)
(1.3900074999999998, -0.78, -0.0017632499999999801, 'left:tnL:-1')
(1.4100074999999996, 0.293, 0.08508724999999999)
(1.4100074999999996, 0.353, 0.14508725)
(1.4100074999999996, 0.413, 0.08508724999999999)
(1.4100074999999996, 0.48700000000000004, 0.08546425)
(1.4100074999999996, 0.547, 0.025464250000000008)
(1.4100074999999996, 0.607, 0.08546425)
(1.4100074999999996, 0.7430000000000001, 0.09268825000000001)
(1.4100074999999996, 0.803, 0.15268825000000003)
(1.4100074999999996, 0.863, 0.09268825000000001)
(1.3100074999999998, 0.803, -0.19079125000000002, 'left:bfT:1')
(1.6070074999999997, 0.803, -0.19079125000000002)
(1.6070074999999997, 0.997, -0.18991425)
(1.2100074999999997, 0.997, -0.18991425, 'left:bnT:-1')
(1.2092925, 0.98511, -0.18979724999999997)
(1.1780214999999998, 0.990035, -0.18968025)
(0.8269155, 0.860103, -0.15401175)
(0.7678594999999999, 0.851424, -0.15180675)
(0.7165615, 0.845185, -0.14555324999999997)
(0.6655595, 0.840307, -0.14049224999999999)
(0.6052655, 0.834692, -0.13447125)
(0.5448465, 0.829747, -0.12844875)
(0.4843915, 0.826213, -0.12239024999999999)
(0.4524045, 0.82452, -0.11906925)
(0.39175649999999995, 0.822436, -0.11451674999999999)
(0.3312465, 0.821945, -0.11077875)