0.0
0.0
1.15
(0.36468386963128796, 0.958125, -0.020390499999999992)
(-0.660379020933423, 0.976179, -0.03055949999999999)
(-0.990121630258106, 0.99003, -0.039657499999999984)
(-1.0299999999999998, 0.997, -0.03829549999999998, 'right:tnT:1')
(-1.0549999999999997, 0.997, -0.03829549999999998)
(-1.0549999999999997, 1.02, -0.04185149999999997)
(-1.0799999999999998, 0.9, 0.058148500000000033)
(-1.1049999999999998, 0.78, -0.04185149999999997)
(-1.13, 0.9, -0.14185149999999996)
(-1.1549999999999998, 1.02, -0.04185149999999997)
(-1.21, 1.02, -0.04185149999999997)
(-1.4499999999999997, 1.02, -0.04185149999999997)
(-1.4499999999999997, 0.78, -0.04185149999999997)
(-1.21, 0.78, -0.04185149999999997)
(-1.1549999999999998, 0.78, -0.04185149999999997)
(-1.13, 0.9, 0.058148500000000033)
(-1.1049999999999998, 1.02, -0.04185149999999997)
(-1.0799999999999998, 0.9, -0.14185149999999996)
(-1.0549999999999997, 0.78, -0.04185149999999997)
(-1.0549999999999997, 0.803, -0.045407499999999976)
(-1.0299999999999998, 0.803, -0.045407499999999976, 'right:tfT:-1')
(-0.692212532646836, 0.744578, 0.019705500000000015)
(-0.16859151456594004, 0.682593, 0.07104600000000001)
(0.1370491704282974, 0.674555, 0.07511400000000001)
(0.6236713596013386, 0.620977, 0.11700050000000001)
(1.0299999999999998, 0.547, 0.1200205, 'left:tnF:1')
(1.4269999999999998, 0.547, 0.1200205)
(1.4269999999999998, 0.353, 0.11989049999999998)
(1.0299999999999998, 0.353, 0.11989049999999998, 'left:tfF:-1')
(0.7267449588009398, 0.195402, 0.12913850000000002)
(0.11860082428780641, -0.204238, 0.08551950000000003)
(-0.08336981737848292, -0.224613, 0.08323650000000002)
(-0.7134957790166148, -0.607709, 0.02306050000000001)
(-1.0299999999999998, -0.803, -0.04744649999999999, 'right:tnL:1')
(-1.0549999999999997, -0.803, -0.04744649999999999)
(-1.0549999999999997, -0.78, -0.042143499999999987)
(-1.0799999999999998, -0.9, -0.14214349999999998)
(-1.1049999999999998, -1.02, -0.042143499999999987)
(-1.13, -0.9, 0.05785650000000002)
(-1.1549999999999998, -0.78, -0.042143499999999987)
(-1.21, -0.78, -0.042143499999999987)
(-1.4499999999999997, -0.78, -0.042143499999999987)
(-1.4499999999999997, -1.02, -0.042143499999999987)
(-1.21, -1.02, -0.042143499999999987)
(-1.1549999999999998, -1.02, -0.042143499999999987)
(-1.13, -0.9, -0.14214349999999998)
(-1.1049999999999998, -0.78, -0.042143499999999987)
(-1.0799999999999998, -0.9, 0.05785650000000002)
(-1.0549999999999997, -1.02, -0.042143499999999987)
(-1.0549999999999997, -0.997, -0.036840499999999984)
(-1.0299999999999998, -0.997, -0.036840499999999984, 'right:tfL:-1')
(-1.026077285788332, -0.989912, -0.058029499999999984)
(-0.4085780265806258, -0.988866, -0.051828499999999986)
(0.6180704352950583, -0.99634, -0.04607949999999998)
(0.9814560404998064, -0.989973, -0.041227499999999986)
(1.0299999999999998, -0.997, -0.04122349999999998, 'left:tfL:1')
(1.0549999999999997, -0.997, -0.04122349999999998)
(1.0549999999999997, -1.02, -0.04215749999999999)
(1.0799999999999998, -0.9, 0.05784250000000002)
(1.1049999999999998, -0.78, -0.04215749999999999)
(1.13, -0.9, -0.1421575)
(1.1549999999999998, -1.02, -0.04215749999999999)
(1.21, -1.02, -0.04215749999999999)
(1.4499999999999997, -1.02, -0.04215749999999999)
(1.4499999999999997, -0.78, -0.04215749999999999)
(1.21, -0.78, -0.04215749999999999)
(1.1549999999999998, -0.78, -0.04215749999999999)
(1.13, -0.9, 0.05784250000000002)
(1.1049999999999998, -1.02, -0.04215749999999999)
(1.0799999999999998, -0.9, -0.1421575)
(1.0549999999999997, -0.78, -0.04215749999999999)
(1.0549999999999997, -0.803, -0.04309149999999999)
(1.0299999999999998, -0.803, -0.04309149999999999, 'left:tnL:-1')
(0.7386303736040694, -0.616982, 0.006436500000000012)
(-0.03119008439137026, -0.220807, 0.06001200000000001)
(-0.23527931681738326, -0.206442, 0.06258300000000003)
(-0.7545527328464707, 0.177814, 0.12108850000000002)
(-1.0299999999999998, 0.353, 0.12774850000000001, 'right:tfF:1')
(-1.4269999999999998, 0.353, 0.12774850000000001)
(-1.4269999999999998, 0.547, 0.1301535)
(-1.0299999999999998, 0.547, 0.1301535, 'right:tnF:-1')
(-1.0129178681240165, 0.540021, 0.1297735)
(-0.6183845819662064, 0.608849, 0.11128650000000001)
(-0.0749659062888426, 0.669718, 0.053802000000000016)
(0.22661372705908375, 0.673431, 0.049651500000000015)
(0.6894630428444006, 0.741391, 0.009422500000000014)
(1.0104168239254818, 0.809968, -0.030957499999999985)
(1.0299999999999998, 0.803, -0.03295949999999999, 'left:tfT:1')
(1.0549999999999997, 0.803, -0.03295949999999999)
(1.0549999999999997, 0.78, -0.03251849999999999)
(1.0799999999999998, 0.9, -0.13251849999999998)
(1.1049999999999998, 1.02, -0.03251849999999999)
(1.13, 0.9, 0.06748150000000001)
(1.1549999999999998, 0.78, -0.03251849999999999)
(1.21, 0.78, -0.03251849999999999)
(1.4499999999999997, 0.78, -0.03251849999999999)
(1.4499999999999997, 1.02, -0.03251849999999999)
(1.21, 1.02, -0.03251849999999999)
(1.1549999999999998, 1.02, -0.03251849999999999)
(1.13, 0.9, -0.13251849999999998)
(1.1049999999999998, 0.78, -0.03251849999999999)
(1.0799999999999998, 0.9, 0.06748150000000001)
(1.0549999999999997, 1.02, -0.03251849999999999)
(1.0549999999999997, 0.997, -0.03207749999999998)
(1.0299999999999998, 0.997, -0.03207749999999998, 'left:tnT:-1')
(1.029977304407777, 0.989865, -0.03218849999999998)