-1.074617
0.000000
-1.974617
( 0.906562, 0.164326, -0.126879 )
( 0.501475, 0.189122, -0.130531 )
( 0.441508, 0.196674, -0.136796 )
( 0.381490, 0.204171, -0.143063 )
( 0.322657, 0.207974, -0.146892 )
( 0.261511, 0.209146, -0.152110 )
( 0.200224, 0.210034, -0.157172 )
( 0.156167, 0.209164, -0.158662 )
( 0.095167, 0.203027, -0.156737 )
( 0.035424, 0.198664, -0.155092 )
( -0.025504, 0.192366, -0.150716 )
( -0.085466, 0.186197, -0.146382 )
( -0.145590, 0.180591, -0.146041 )
( -0.766817, 0.121236, -0.140154 )
( -1.980862, 0.089837, -0.130276 )
( -2.008276, 0.083527, -0.130053 )
( -2.031710, 0.069643, -0.129995 )
( -2.050129, 0.049068, -0.130084 )
( -2.064670, 0.000000, -0.130944 )
( -2.050143, -0.049045, -0.131807 )
( -2.016594, -0.079671, -0.131959 )
( -1.972364, -0.090026, -0.132111 )
( -1.349692, -0.013207, -0.138151 )
( -0.653415, 0.076809, -0.148864 )
( -0.119397, 0.173138, -0.158218 )
( -0.068278, 0.186910, -0.163488 )
( -0.013385, 0.202029, -0.169495 )
( 0.145711, 0.247077, -0.184020 )
( 0.221439, 0.264001, -0.190407 )
( 0.280498, 0.277461, -0.195669 )
( 0.346072, 0.289351, -0.200948 )
( 0.405669, 0.300828, -0.205352 )
( 0.448228, 0.307236, -0.208170 )
( 0.507353, 0.314283, -0.210685 )
( 1.124956, 0.407499, -0.218357 )
( 1.183336, 0.416838, -0.217775 )
( 1.577353, 0.478440, -0.216807 )
( 1.982187, 0.539735, -0.199766 )
( 2.009076, 0.533200, -0.199796 )
( 2.032083, 0.519335, -0.199760 )
( 2.050129, 0.499067, -0.199744 )
( 2.064670, 0.450000, -0.199938 )
( 2.050132, 0.400938, -0.200133 )
( 2.031701, 0.380350, -0.199938 )
( 2.007895, 0.366321, -0.199744 )
( 1.989199, 0.361135, -0.200282 )
( 1.456364, 0.307730, -0.214136 )
( 1.076181, 0.261758, -0.214375 )
( 0.547771, 0.189163, -0.178170 )
( 0.515537, 0.184695, -0.175997 )
( 0.484809, 0.185640, -0.172776 )
( 0.445806, 0.186849, -0.168673 )
( 0.388763, 0.188669, -0.162627 )
( 0.300841, 0.191598, -0.153259 )
( 0.242564, 0.195728, -0.148632 )
( 0.206414, 0.200764, -0.146612 )
( 0.164191, 0.203989, -0.143403 )
( 0.107003, 0.207770, -0.139806 )
( 0.032320, 0.206359, -0.142070 )
( -0.022284, 0.205400, -0.143590 )
( -0.075375, 0.204443, -0.145030 )
( -0.097518, 0.193350, -0.165455 )
( -0.147048, 0.201389, -0.171029 )
( -0.196380, 0.208948, -0.176288 )
( -0.246011, 0.216549, -0.181589 )
( -0.295992, 0.223426, -0.187432 )
( -0.324136, 0.226769, -0.191342 )
( -0.379333, 0.237436, -0.197586 )
( -0.436365, 0.249695, -0.198081 )
( -0.466889, 0.256540, -0.198587 )
( -0.521564, 0.269806, -0.196336 )
( -0.577036, 0.286436, -0.195289 )
( -0.954158, 0.404045, -0.190063 )
( -1.008864, 0.423248, -0.191660 )
( -1.628647, 0.662806, -0.200577 )
( -2.024714, 0.825167, -0.204464 )
( -2.050127, 0.850930, -0.205402 )
( -2.064670, 0.900000, -0.205361 )
( -2.050132, 0.949063, -0.205322 )
( -2.032180, 0.969254, -0.204228 )
( -2.009154, 0.983168, -0.202316 )
( -1.981468, 0.989793, -0.201197 )
( -1.952264, 0.987235, -0.199950 )
( -1.639584, 0.848882, -0.198122 )
( -1.143020, 0.645560, -0.188334 )
( -0.864679, 0.527621, -0.181035 )
( -0.417905, 0.357092, -0.179365 )
( -0.363453, 0.336365, -0.179233 )
( -0.308172, 0.318521, -0.183755 )
( -0.249143, 0.311407, -0.187169 )
( -0.190630, 0.301114, -0.192089 )
( -0.131500, 0.294536, -0.194268 )
( -0.058960, 0.286514, -0.196892 )
( 0.189585, 0.258737, -0.206463 )
( 0.248154, 0.260458, -0.204807 )
( 0.305373, 0.265872, -0.201041 )
( 0.361835, 0.277538, -0.196658 )
( 0.416680, 0.292527, -0.193722 )
( 0.471962, 0.310538, -0.192503 )
( 0.859954, 0.483582, -0.185083 )
( 1.199868, 0.622042, -0.188841 )
( 1.948935, 0.986314, -0.203834 )
( 1.975544, 0.990049, -0.205079 )
( 2.005682, 0.984526, -0.204882 )
( 2.032223, 0.969219, -0.204685 )
( 2.050129, 0.949067, -0.204088 )
( 2.064670, 0.900000, -0.203201 )
( 2.050123, 0.850923, -0.202313 )
( 2.031880, 0.830497, -0.201647 )
( 2.008340, 0.816499, -0.200916 )
( 1.909713, 0.766095, -0.208067 )
( 1.495026, 0.555262, -0.203888 )
( 1.194812, 0.418528, -0.203050 )
( 1.141563, 0.395799, -0.203456 )
( 0.735555, 0.231792, -0.230743 )
( 0.514800, 0.166887, -0.264946 )
( 0.504519, 0.166353, -0.199239 )
( 0.516020, 0.178316, -0.164735 )
( 0.489340, 0.197532, -0.153826 )
( 0.435968, 0.212131, -0.143392 )
( 0.402343, 0.220116, -0.136757 )
( 0.344421, 0.214616, -0.132237 )
( 0.286714, 0.205965, -0.131186 )
( 0.208242, 0.197008, -0.132555 )
( 0.149604, 0.189002, -0.135262 )
( 0.032333, 0.180989, -0.155558 )
( -0.027454, 0.178763, -0.167616 )
( -0.085792, 0.177463, -0.179228 )
( -0.136207, 0.190058, -0.184848 )
( -0.193932, 0.204199, -0.191272 )
( -0.251656, 0.218354, -0.197675 )
( -0.308472, 0.234511, -0.201537 )
( -0.354986, 0.246937, -0.202200 )
( -0.412923, 0.261805, -0.201851 )
( -0.444181, 0.270084, -0.202341 )
( -0.500041, 0.280089, -0.190779 )
( -0.555966, 0.286466, -0.181873 )
( -0.614459, 0.290834, -0.176974 )
( -0.884277, 0.310873, -0.155591 )
( -1.460893, 0.336711, -0.164116 )
( -1.810694, 0.353218, -0.166531 )
( -1.969891, 0.360070, -0.167177 )
( -2.003757, 0.364791, -0.166308 )
( -2.029982, 0.378976, -0.166384 )
( -2.050138, 0.400947, -0.166464 )
( -2.064670, 0.450000, -0.166338 )
( -2.050156, 0.499025, -0.166210 )
( -2.032065, 0.519350, -0.166188 )
( -2.007769, 0.533729, -0.165933 )
( -1.981414, 0.539797, -0.165921 )
( -1.021228, 0.413990, -0.204483 )
( -0.936241, 0.402975, -0.205914 )
( -0.384744, 0.341008, -0.194164 )
( -0.327118, 0.334422, -0.193562 )
( -0.212710, 0.321579, -0.190184 )
( -0.153047, 0.311528, -0.187591 )
( -0.093234, 0.301488, -0.184893 )
( 0.150704, 0.259622, -0.170427 )
( 0.202590, 0.247281, -0.166861 )
( 0.355800, 0.210580, -0.156567 )
( 0.414004, 0.196639, -0.153350 )
( 0.472543, 0.184140, -0.151532 )
( 0.531028, 0.171194, -0.148914 )
( 1.091668, 0.034232, -0.127223 )
( 1.707181, -0.054040, -0.118491 )
( 1.975074, -0.090053, -0.113500 )
( 2.017781, -0.079034, -0.113546 )
( 2.050134, -0.049059, -0.113591 )
( 2.064670, 0.000000, -0.114260 )
( 2.050126, 0.049072, -0.114927 )
( 2.032353, 0.069110, -0.114955 )
( 2.006293, 0.084299, -0.115021 )
( 1.976678, 0.090030, -0.115085 )
( 1.495958, 0.125788, -0.119975 )
( 0.926508, 0.162728, -0.126317 )