-0.781429
0.000000
-1.681429
( 0.514567, 0.667147, -0.304550 )
( 0.466516, 0.674044, -0.325836 )
( 0.409742, 0.686211, -0.332157 )
( 0.343763, 0.700272, -0.339327 )
( 0.278833, 0.710647, -0.331021 )
( 0.221306, 0.720386, -0.313648 )
( 0.170032, 0.734546, -0.297050 )
( -0.207001, 0.748491, -0.300177 )
( -0.264485, 0.750950, -0.300790 )
( -0.318723, 0.744925, -0.309633 )
( -0.354591, 0.741295, -0.315153 )
( -0.431688, 0.714427, -0.328200 )
( -0.497500, 0.693772, -0.340630 )
( -0.552711, 0.680420, -0.336084 )
( -0.602152, 0.668561, -0.331805 )
( -0.656385, 0.662462, -0.315308 )
( -0.703569, 0.674256, -0.296920 )
( -0.927977, 0.730172, -0.209647 )
( -0.979765, 0.743001, -0.189855 )
( -1.033964, 0.746356, -0.168473 )
( -1.093489, 0.750079, -0.137342 )
( -1.127857, 0.721798, -0.140912 )
( -1.378115, 0.511761, -0.124870 )
( -1.644910, 0.367683, -0.115461 )
( -1.671845, 0.360458, -0.113944 )
( -1.699699, 0.361819, -0.112426 )
( -1.725601, 0.371524, -0.109966 )
( -1.747570, 0.388886, -0.108526 )
( -1.762862, 0.411552, -0.106565 )
( -1.771433, 0.452959, -0.099759 )
( -1.766454, 0.479669, -0.094258 )
( -1.635261, 0.771677, -0.028106 )
( -1.622785, 0.800377, -0.022739 )
( -1.597409, 0.867591, -0.016083 )
( -1.591448, 0.896367, -0.019039 )
( -1.595069, 0.925527, -0.021986 )
( -1.620610, 0.966413, -0.012509 )
( -1.642958, 0.981423, -0.017289 )
( -1.669796, 0.989299, -0.019946 )
( -1.697546, 0.988600, -0.020506 )
( -1.731330, 0.974963, -0.017334 )
( -1.756945, 0.949059, -0.014162 )
( -1.771481, 0.900000, -0.009970 )
( -1.756948, 0.850944, -0.005783 )
( -1.738897, 0.830667, -0.005808 )
( -1.715753, 0.816745, -0.009120 )
( -1.688844, 0.810253, -0.014620 )
( -1.651418, 0.803647, -0.028960 )
( -1.621419, 0.799680, -0.039634 )
( -1.153466, 0.745826, -0.146031 )
( -1.106883, 0.740271, -0.155838 )
( -1.036133, 0.732251, -0.170658 )
( -0.979594, 0.727558, -0.179895 )
( -0.922392, 0.727270, -0.189612 )
( -0.322649, 0.731523, -0.290949 )
( -0.267298, 0.734072, -0.300234 )
( -0.208916, 0.736816, -0.310087 )
( -0.162225, 0.739030, -0.317953 )
( -0.103426, 0.741847, -0.327404 )
( -0.046336, 0.744627, -0.336587 )
( 0.012307, 0.749190, -0.343974 )
( 0.070935, 0.754746, -0.350941 )
( 0.129479, 0.760181, -0.357803 )
( 0.189465, 0.764091, -0.361789 )
( 0.249775, 0.766212, -0.366087 )
( 0.309000, 0.768221, -0.370314 )
( 0.380207, 0.772029, -0.377124 )
( 0.436128, 0.761960, -0.377102 )
( 0.970050, 0.666203, -0.377277 )
( 1.377237, 0.591408, -0.374817 )
( 1.695184, 0.538997, -0.375606 )
( 1.739083, 0.519178, -0.375876 )
( 1.756941, 0.499067, -0.375884 )
( 1.771481, 0.450000, -0.375891 )
( 1.756948, 0.400944, -0.375902 )
( 1.738953, 0.380713, -0.376087 )
( 1.711211, 0.365014, -0.375693 )
( 1.679738, 0.359962, -0.375299 )
( 1.653079, 0.364525, -0.373542 )
( 0.949457, 0.571260, -0.336719 )
( 0.626615, 0.665230, -0.314372 )
( 0.573184, 0.678764, -0.310209 )
( 0.548781, 0.683735, -0.306488 )
( 0.508530, 0.691541, -0.301553 )
( 0.473890, 0.695530, -0.301104 )
( 0.263193, 0.729657, -0.315388 )
( 0.207173, 0.736629, -0.318558 )
( 0.094524, 0.750166, -0.326178 )
( 0.033899, 0.757412, -0.330313 )
( -0.026563, 0.759292, -0.332009 )
( -0.087515, 0.757784, -0.331890 )
( -0.134156, 0.753319, -0.330446 )
( -0.192462, 0.742566, -0.328229 )
( -0.252259, 0.732011, -0.326075 )
( -0.413703, 0.704482, -0.320373 )
( -0.471706, 0.696346, -0.320826 )
( -0.528885, 0.692574, -0.324462 )
( -0.610143, 0.686636, -0.329678 )
( -0.666509, 0.683894, -0.333273 )
( -0.722765, 0.691271, -0.336805 )
( -0.902382, 0.715962, -0.344757 )
( -0.959400, 0.724079, -0.347309 )
( -1.688302, 0.810209, -0.377602 )
( -1.715168, 0.816506, -0.378958 )
( -1.738865, 0.830641, -0.380316 )
( -1.756951, 0.850949, -0.380800 )
( -1.771481, 0.900000, -0.380668 )
( -1.756959, 0.949039, -0.380538 )
( -1.739156, 0.969118, -0.380452 )
( -1.710096, 0.985369, -0.380286 )
( -1.677117, 0.989950, -0.380120 )
( -1.243074, 0.898245, -0.353249 )
( -0.609470, 0.788221, -0.332115 )
( -0.552074, 0.778098, -0.330895 )
( -0.493278, 0.769808, -0.332069 )
( -0.431701, 0.765576, -0.335253 )
( -0.369907, 0.762641, -0.338162 )
( 0.004017, 0.745780, -0.359346 )
( 0.065354, 0.743959, -0.360500 )
( 0.126903, 0.744869, -0.361126 )
( 0.188033, 0.745795, -0.361695 )
( 0.249820, 0.748329, -0.360887 )
( 0.309978, 0.757355, -0.360332 )
( 0.354498, 0.764616, -0.359417 )
( 0.412449, 0.774150, -0.360093 )
( 1.023853, 0.874666, -0.367765 )
( 1.678434, 0.990004, -0.383544 )
( 1.710427, 0.985257, -0.383680 )
( 1.738679, 0.969513, -0.383816 )
( 1.756943, 0.949063, -0.383882 )
( 1.771481, 0.900000, -0.383269 )
( 1.756949, 0.850945, -0.382657 )
( 1.738960, 0.830720, -0.381573 )
( 1.715018, 0.816445, -0.380295 )
( 1.687859, 0.810176, -0.379017 )
( 0.894632, 0.728569, -0.338960 )
( 0.532356, 0.692477, -0.317553 )
( 0.471864, 0.690526, -0.317323 )
( 0.387105, 0.688388, -0.317380 )
( 0.326802, 0.691418, -0.320864 )
( 0.266278, 0.696101, -0.321859 )
( 0.205784, 0.701263, -0.323889 )
( 0.145469, 0.706957, -0.327043 )
( -0.064527, 0.727155, -0.338102 )
( -0.124034, 0.731129, -0.340964 )
( -0.184107, 0.735513, -0.342253 )
( -0.244496, 0.735077, -0.341543 )
( -0.406943, 0.730318, -0.336963 )
( -0.462631, 0.723177, -0.332947 )
( -0.611704, 0.700295, -0.322450 )
( -0.661225, 0.690023, -0.318992 )
( -0.710162, 0.679341, -0.315826 )
( -1.651472, 0.365075, -0.307511 )
( -1.679523, 0.359967, -0.307877 )
( -1.713109, 0.365703, -0.307836 )
( -1.736645, 0.378861, -0.307805 )
( -1.756940, 0.400931, -0.307771 )
( -1.771481, 0.450000, -0.307799 )
( -1.756950, 0.499053, -0.307826 )
( -1.739167, 0.519108, -0.307821 )
( -1.702501, 0.537554, -0.309161 )
( -1.028712, 0.690723, -0.361084 )
( -0.973534, 0.704587, -0.361538 )
( -0.918404, 0.717485, -0.360741 )
( -0.862484, 0.727637, -0.358575 )
( -0.611647, 0.772854, -0.348878 )
( -0.556245, 0.783145, -0.346577 )
( -0.496648, 0.782958, -0.339757 )
( -0.436931, 0.781262, -0.334838 )
( -0.377211, 0.777722, -0.331451 )
( -0.138755, 0.761119, -0.319133 )
( -0.079877, 0.757190, -0.315994 )
( -0.021910, 0.748443, -0.320736 )
( 0.037013, 0.739197, -0.325191 )
( 0.099742, 0.729325, -0.329968 )
( 0.155735, 0.719290, -0.333162 )
( 0.214638, 0.708731, -0.336523 )
( 0.299018, 0.692662, -0.336368 )
( 0.333048, 0.684773, -0.334096 )
( 0.392484, 0.671832, -0.330135 )
( 0.423545, 0.664634, -0.328234 )
( 0.476915, 0.657128, -0.324226 )
( 0.540317, 0.647136, -0.321086 )
( 0.579570, 0.650982, -0.311601 )
( 0.631116, 0.658170, -0.299793 )
( 1.168536, 0.732000, -0.172992 )
( 1.613445, 0.798467, -0.062943 )
( 1.643326, 0.803684, -0.053425 )
( 1.689922, 0.810349, -0.040174 )
( 1.715441, 0.816617, -0.031269 )
( 1.739107, 0.830842, -0.024727 )
( 1.756945, 0.850940, -0.022286 )
( 1.771481, 0.900000, -0.020256 )
( 1.756942, 0.949064, -0.018223 )
( 1.734546, 0.972720, -0.014393 )
( 1.707855, 0.986089, -0.010913 )
( 1.678906, 0.990018, -0.007230 )
( 1.650830, 0.984696, -0.005416 )
( 1.625204, 0.970346, -0.005626 )
( 1.596238, 0.929191, -0.001111 )
( 1.592500, 0.885818, -0.010874 )
( 1.600495, 0.860514, -0.019442 )
( 1.620505, 0.812170, -0.037131 )
( 1.632416, 0.784864, -0.047793 )
( 1.766849, 0.478512, -0.174494 )
( 1.771482, 0.450000, -0.175386 )
( 1.764885, 0.416167, -0.176173 )
( 1.748150, 0.389519, -0.176501 )
( 1.723269, 0.370256, -0.176822 )
( 1.697228, 0.361343, -0.175164 )
( 1.668971, 0.360812, -0.172195 )
( 1.484915, 0.391690, -0.213314 )
( 1.109178, 0.494761, -0.253717 )
( 0.617616, 0.638427, -0.294446 )
( 0.565408, 0.656424, -0.294515 )
( 0.534140, 0.667608, -0.299584 )