-1.025714
0.000000
-1.925714
( 0.527115, 0.993815, -0.046884 )
( -0.528181, 0.993747, -0.048761 )
( -0.895393, 0.993131, -0.048638 )
( -1.925815, 0.990054, -0.046195 )
( -1.956385, 0.984670, -0.046388 )
( -1.983310, 0.969227, -0.046581 )
( -2.001209, 0.949094, -0.047093 )
( -2.015767, 0.900000, -0.048599 )
( -2.001211, 0.850909, -0.050104 )
( -1.983096, 0.830596, -0.050447 )
( -1.957625, 0.815790, -0.050177 )
( -1.928737, 0.809997, -0.049673 )
( -1.346169, 0.767174, -0.017232 )
( -0.073733, 0.672673, 0.051683 )
( -0.011120, 0.667456, 0.055544 )
( 1.933013, 0.539758, 0.126521 )
( 1.959085, 0.533643, 0.127824 )
( 1.982307, 0.520050, 0.127874 )
( 2.001211, 0.499091, 0.127872 )
( 2.015767, 0.450000, 0.127759 )
( 2.001217, 0.400919, 0.127646 )
( 1.982133, 0.379810, 0.127721 )
( 1.958901, 0.366285, 0.126049 )
( 1.932147, 0.360176, 0.125858 )
( 1.904965, 0.362369, 0.127184 )
( 1.837664, 0.372075, 0.128060 )
( 1.805423, 0.374936, 0.128915 )
( 1.255419, 0.464256, 0.132753 )
( 0.043893, 0.669507, 0.138604 )
( -0.014807, 0.678646, 0.139275 )
( -1.405399, 0.893540, 0.153870 )
( -1.928224, 0.990019, 0.160707 )
( -1.956240, 0.984722, 0.159656 )
( -1.979912, 0.971919, 0.158137 )
( -1.998799, 0.952615, 0.156774 )
( -2.011142, 0.928490, 0.154951 )
( -2.015768, 0.900000, 0.154951 )
( -2.011130, 0.871472, 0.154949 )
( -1.838846, 0.473741, 0.154302 )
( -1.837399, 0.379756, 0.145283 )
( -1.837232, 0.347329, 0.141373 )
( -1.835661, 0.000217, 0.080013 )
( -1.837956, -0.470201, 0.010517 )
( -1.945342, -0.720602, -0.029851 )
( -2.001223, -0.850929, -0.050805 )
( -2.015767, -0.900000, -0.049062 )
( -2.001241, -0.949045, -0.046922 )
( -1.983324, -0.969215, -0.046272 )
( -1.960399, -0.983106, -0.045719 )
( -1.934365, -0.989637, -0.045507 )
( -1.200833, -0.958977, -0.049479 )
( -0.590693, -0.943330, -0.052058 )
( 0.482572, -0.937947, -0.053667 )
( 1.333776, -0.957470, -0.051223 )
( 1.933879, -0.989683, -0.047643 )
( 1.959920, -0.983304, -0.047956 )
( 1.983074, -0.969423, -0.048043 )
( 2.001220, -0.949078, -0.048015 )
( 2.015767, -0.900000, -0.048429 )
( 2.001211, -0.850911, -0.047729 )
( 1.838468, -0.472311, 0.010630 )
( 1.836454, -0.153273, 0.061689 )
( 1.835661, 0.000061, 0.086150 )
( 1.836186, 0.341006, 0.140271 )
( 1.836263, 0.372519, 0.145318 )
( 1.836470, 0.462043, 0.159231 )
( 2.011131, 0.871474, 0.160575 )
( 2.015768, 0.900000, 0.160589 )
( 2.011141, 0.928494, 0.160591 )
( 1.998862, 0.952527, 0.163128 )
( 1.967352, 0.979849, 0.168331 )
( 1.926913, 0.990046, 0.173534 )
( 1.038778, 0.876284, 0.171494 )
( 0.046892, 0.687532, 0.157210 )
( -0.011837, 0.678636, 0.156851 )
( -1.193904, 0.491159, 0.141007 )
( -1.835180, 0.376704, 0.130017 )
( -1.866843, 0.369107, 0.129423 )
( -1.919576, 0.360156, 0.131111 )
( -1.957938, 0.365909, 0.134527 )
( -1.982353, 0.379988, 0.135008 )
( -2.001221, 0.400925, 0.135353 )
( -2.015767, 0.450000, 0.135489 )
( -2.001213, 0.499087, 0.135624 )
( -1.982710, 0.519722, 0.135653 )
( -1.959160, 0.533613, 0.135492 )
( -1.933015, 0.539757, 0.133777 )
( -0.763916, 0.610134, 0.078700 )
( -0.047446, 0.658111, 0.044632 )
( 0.014669, 0.663096, 0.041050 )
( 1.464370, 0.772866, -0.018268 )
( 1.928461, 0.809988, -0.039484 )
( 1.957504, 0.815744, -0.039900 )
( 1.983111, 0.830607, -0.040216 )
( 2.001216, 0.850918, -0.040294 )
( 2.015767, 0.900000, -0.040029 )
( 2.001212, 0.949090, -0.039766 )
( 1.983272, 0.969258, -0.039800 )
( 1.955913, 0.984839, -0.039784 )
( 1.924862, 0.990050, -0.039903 )
( 1.245092, 0.991581, -0.043020 )
( 0.547125, 0.993672, -0.046757 )