-1.288719
0.000000
-2.188719
( 0.859541, 0.123134, -0.036881 )
( 0.697201, 0.126421, -0.037657 )
( 0.606983, 0.132778, -0.045567 )
( 0.550042, 0.137009, -0.050199 )
( 0.488318, 0.141520, -0.055211 )
( 0.457304, 0.143921, -0.057758 )
( 0.395234, 0.147287, -0.060805 )
( 0.333186, 0.148524, -0.060819 )
( 0.271129, 0.148354, -0.058715 )
( 0.208869, 0.147809, -0.056796 )
( 0.147432, 0.146872, -0.055020 )
( 0.085286, 0.145926, -0.053216 )
( 0.023027, 0.144276, -0.051097 )
( -0.098256, 0.139712, -0.047449 )
( -0.159728, 0.138929, -0.046595 )
( -0.218959, 0.138175, -0.045532 )
( -1.019454, 0.127517, -0.037807 )
( -2.186617, 0.090029, -0.042858 )
( -2.218162, 0.085104, -0.042414 )
( -2.246006, 0.069483, -0.041961 )
( -2.264232, 0.049066, -0.041389 )
( -2.278772, -0.000000, -0.040305 )
( -2.264226, -0.049076, -0.039221 )
( -2.245867, -0.069597, -0.039249 )
( -2.217982, -0.085166, -0.039752 )
( -2.186417, -0.090024, -0.040254 )
( -1.875390, -0.056003, -0.044563 )
( -1.541597, -0.024271, -0.043693 )
( -0.831249, 0.042184, -0.037828 )
( -0.280104, 0.109026, -0.053398 )
( -0.221298, 0.117605, -0.057305 )
( -0.173187, 0.124732, -0.060510 )
( -0.113125, 0.138360, -0.063941 )
( -0.053575, 0.152081, -0.067321 )
( 0.003948, 0.167995, -0.068731 )
( 0.061469, 0.183914, -0.070138 )
( 0.831302, 0.389680, -0.081121 )
( 0.889810, 0.406385, -0.082384 )
( 0.949441, 0.422548, -0.083905 )
( 1.009594, 0.437637, -0.086332 )
( 1.069860, 0.450373, -0.089091 )
( 1.125598, 0.456216, -0.093360 )
( 2.090362, 0.533143, -0.090427 )
( 2.127726, 0.535895, -0.090239 )
( 2.176831, 0.539266, -0.089790 )
( 2.213650, 0.536534, -0.089398 )
( 2.246278, 0.519258, -0.089006 )
( 2.264231, 0.499068, -0.089013 )
( 2.278772, 0.450000, -0.088890 )
( 2.264234, 0.400937, -0.088766 )
( 2.245822, 0.380366, -0.088585 )
( 2.219811, 0.365484, -0.088392 )
( 2.120960, 0.351004, -0.089565 )
( 2.089657, 0.346891, -0.088719 )
( 1.628168, 0.268114, -0.099025 )
( 1.198695, 0.195394, -0.106767 )
( 0.789066, 0.111182, -0.078454 )
( 0.758671, 0.110010, -0.075614 )
( 0.700475, 0.109443, -0.070020 )
( 0.642319, 0.114507, -0.064584 )
( 0.527882, 0.124663, -0.053842 )
( 0.469199, 0.130445, -0.047988 )
( 0.411562, 0.140361, -0.045670 )
( 0.324952, 0.149820, -0.045348 )
( 0.264060, 0.154389, -0.045506 )
( 0.203397, 0.157738, -0.045983 )
( 0.142594, 0.158900, -0.047466 )
( 0.032996, 0.160927, -0.050129 )
( -0.025583, 0.162028, -0.051615 )
( -0.085721, 0.154860, -0.055244 )
( -0.146057, 0.149144, -0.057988 )
( -0.182777, 0.143818, -0.061021 )
( -0.233793, 0.127062, -0.066767 )
( -0.283721, 0.107388, -0.072768 )
( -0.596251, -0.025992, -0.108964 )
( -1.181959, -0.301273, -0.169359 )
( -1.638802, -0.521106, -0.216846 )
( -2.077180, -0.740715, -0.264286 )
( -2.108224, -0.756726, -0.269379 )
( -2.223285, -0.816844, -0.288607 )
( -2.246434, -0.830873, -0.290911 )
( -2.264228, -0.850929, -0.294787 )
( -2.278772, -0.900000, -0.294267 )
( -2.264234, -0.949062, -0.293723 )
( -2.242994, -0.971860, -0.291769 )
( -2.218030, -0.985150, -0.290011 )
( -2.189806, -0.990047, -0.291009 )
( -2.162584, -0.986178, -0.294273 )
( -2.136255, -0.973192, -0.299951 )
( -2.116794, -0.954188, -0.305777 )
( -2.103116, -0.927961, -0.299259 )
( -2.099031, -0.891900, -0.300192 )
( -2.097743, -0.769280, -0.286747 )
( -2.097488, -0.733542, -0.280207 )
( -2.097233, -0.179472, -0.180944 )
( -2.098789, 0.337150, -0.084431 )
( -2.098816, 0.367144, -0.078943 )
( -2.099000, 0.442245, -0.063724 )
( -2.102132, 0.474745, -0.060103 )
( -2.105716, 0.484931, -0.059285 )
( -2.115774, 0.509389, -0.055146 )
( -2.130514, 0.543509, -0.056668 )
( -2.274135, 0.871474, -0.092992 )
( -2.278773, 0.900000, -0.093046 )
( -2.272343, 0.933416, -0.092954 )
( -2.253974, 0.962060, -0.092864 )
( -2.208398, 0.987877, -0.091249 )
( -2.181393, 0.989755, -0.089369 )
( -2.155092, 0.982461, -0.088792 )
( -1.759634, 0.813774, -0.086810 )
( -1.421415, 0.705459, -0.062614 )
( -0.924261, 0.577030, 0.004295 )
( -0.494745, 0.398766, -0.025024 )
( -0.440400, 0.378813, -0.028292 )
( -0.386007, 0.364735, -0.038294 )
( -0.343154, 0.360498, -0.045617 )
( -0.284625, 0.355562, -0.052454 )
( 0.200685, 0.383547, -0.110638 )
( 0.544789, 0.397067, -0.122302 )
( 0.825378, 0.397987, -0.097791 )
( 0.883096, 0.398822, -0.094505 )
( 0.941172, 0.406903, -0.088028 )
( 0.994497, 0.420391, -0.083683 )
( 1.051997, 0.434187, -0.079948 )
( 1.089725, 0.442962, -0.077695 )
( 1.136919, 0.469643, -0.074366 )
( 1.629162, 0.729866, -0.073055 )
( 1.847214, 0.830895, -0.082101 )
( 2.148013, 0.980329, -0.083747 )
( 2.174190, 0.988874, -0.087953 )
( 2.202082, 0.989057, -0.091173 )
( 2.230845, 0.979593, -0.092879 )
( 2.254845, 0.961131, -0.094585 )
( 2.272578, 0.932824, -0.095143 )
( 2.278773, 0.900000, -0.095703 )
( 2.274134, 0.871471, -0.095661 )
( 2.128698, 0.539107, -0.073500 )
( 2.108495, 0.491726, -0.073100 )
( 2.105261, 0.483830, -0.074494 )
( 2.098859, 0.444109, -0.088626 )
( 2.098856, 0.363458, -0.102484 )
( 2.098728, 0.334912, -0.106980 )
( 2.097605, -0.000183, -0.161454 )
( 2.098102, -0.283912, -0.208446 )
( 2.097905, -0.707771, -0.277854 )
( 2.097909, -0.746706, -0.284523 )
( 2.098882, -0.906236, -0.308669 )
( 2.114380, -0.950825, -0.312675 )
( 2.132322, -0.970206, -0.305787 )
( 2.156894, -0.984242, -0.299432 )
( 2.185550, -0.989998, -0.295042 )
( 2.212838, -0.986763, -0.293022 )
( 2.241982, -0.972613, -0.294325 )
( 2.264231, -0.949067, -0.295627 )
( 2.278772, -0.900000, -0.295619 )
( 2.264228, -0.850928, -0.295584 )
( 2.246278, -0.830742, -0.291551 )
( 2.113301, -0.745449, -0.269830 )
( 2.079765, -0.724949, -0.264008 )
( 1.543910, -0.374529, -0.180747 )
( 0.850426, 0.069175, -0.074769 )
( 0.801922, 0.097478, -0.066967 )
( 0.757434, 0.119914, -0.058724 )
( 0.699197, 0.133300, -0.052176 )
( 0.646302, 0.144956, -0.046254 )
( 0.586030, 0.148393, -0.040525 )
( 0.524587, 0.149078, -0.037451 )
( 0.384709, 0.150569, -0.032779 )
( 0.322929, 0.151199, -0.030744 )
( 0.259575, 0.144781, -0.032537 )
( 0.177673, 0.136624, -0.037117 )
( 0.112559, 0.130125, -0.040836 )
( 0.047233, 0.124484, -0.044232 )
( 0.001152, 0.121508, -0.049501 )
( -0.134351, 0.114162, -0.065835 )
( -0.197354, 0.114658, -0.075312 )
( -0.271547, 0.115020, -0.086611 )
( -0.570315, 0.152946, -0.095596 )
( -1.312663, 0.256330, -0.081350 )
( -2.079399, 0.350595, -0.065820 )
( -2.110997, 0.351151, -0.066744 )
( -2.197036, 0.360331, -0.067321 )
( -2.223093, 0.366765, -0.067116 )
( -2.246096, 0.380592, -0.066922 )
( -2.264245, 0.400954, -0.066930 )
( -2.278772, 0.450000, -0.066828 )
( -2.264239, 0.499055, -0.066726 )
( -2.246025, 0.519467, -0.066710 )
( -2.217287, 0.535402, -0.066699 )
( -2.184744, 0.539966, -0.066761 )
( -2.163882, 0.538776, -0.068513 )
( -2.128239, 0.536139, -0.071202 )
( -2.091101, 0.535028, -0.071776 )
( -1.332060, 0.473867, -0.061038 )
( -0.468138, 0.393098, -0.038009 )
( -0.408135, 0.384685, -0.036873 )
( -0.349213, 0.376041, -0.036656 )
( -0.288958, 0.360755, -0.038554 )
( -0.234307, 0.346806, -0.040281 )
( 0.577197, 0.153709, -0.056840 )
( 0.636873, 0.137486, -0.058812 )
( 0.695820, 0.119953, -0.058552 )
( 0.755801, 0.103964, -0.054710 )
( 0.793098, 0.092907, -0.052998 )
( 0.851098, 0.083748, -0.052638 )
( 1.924839, -0.059673, -0.034052 )
( 2.187345, -0.090043, -0.032034 )
( 2.218608, -0.084949, -0.031588 )
( 2.246172, -0.069346, -0.031142 )
( 2.264222, -0.049081, -0.031117 )
( 2.278772, 0.000000, -0.031983 )
( 2.264244, 0.049048, -0.032850 )
( 2.246378, 0.069174, -0.033246 )
( 2.217498, 0.085331, -0.033620 )
( 2.184731, 0.089965, -0.033961 )
( 1.509218, 0.106798, -0.037215 )
( 0.880685, 0.122378, -0.035138 )