-0.856713
0.000000
-1.756713
( 0.797831, 0.575780, -0.597416 )
( 0.459437, 0.658280, -0.669969 )
( 0.413670, 0.682761, -0.676523 )
( 0.356179, 0.694702, -0.675914 )
( 0.290707, 0.701853, -0.666418 )
( -0.055260, 0.733660, -0.620843 )
( -0.101278, 0.756282, -0.649154 )
( -0.170039, 0.745635, -0.676180 )
( -0.214793, 0.711531, -0.661159 )
( -0.256457, 0.698960, -0.634436 )
( -0.316507, 0.676481, -0.596015 )
( -0.729581, 0.573542, -0.483608 )
( -1.236058, 0.464431, -0.395811 )
( -1.737571, 0.362005, -0.309181 )
( -1.765973, 0.360424, -0.304279 )
( -1.791774, 0.367052, -0.298614 )
( -1.814430, 0.380874, -0.293944 )
( -1.832234, 0.400946, -0.292623 )
( -1.846766, 0.450000, -0.292093 )
( -1.845677, 0.652038, -0.415427 )
( -1.844047, 0.878038, -0.552036 )
( -1.842137, 0.928504, -0.551970 )
( -1.829951, 0.952401, -0.551785 )
( -1.810938, 0.971898, -0.551974 )
( -1.786758, 0.984894, -0.553679 )
( -1.759784, 0.990001, -0.556072 )
( -1.365468, 0.896710, -0.571598 )
( -1.129230, 0.843927, -0.581440 )
( -0.447482, 0.699976, -0.626037 )
( -0.392850, 0.688298, -0.629670 )
( -0.334541, 0.687140, -0.634383 )
( -0.271858, 0.685991, -0.639432 )
( -0.220737, 0.685248, -0.643306 )
( -0.110820, 0.698195, -0.654570 )
( -0.053518, 0.706851, -0.659571 )
( 0.060898, 0.726916, -0.672931 )
( 0.115118, 0.735375, -0.680097 )
( 0.505450, 0.821990, -0.688762 )
( 0.562970, 0.831818, -0.692506 )
( 0.621693, 0.837961, -0.697726 )
( 0.680437, 0.840436, -0.705544 )
( 0.739003, 0.837833, -0.714796 )
( 0.771509, 0.835303, -0.720209 )
( 0.823154, 0.818226, -0.723066 )
( 1.287225, 0.670692, -0.747816 )
( 1.784230, 0.535747, -0.748935 )
( 1.808634, 0.523579, -0.748597 )
( 1.832226, 0.499066, -0.748732 )
( 1.846766, 0.450000, -0.748960 )
( 1.832246, 0.400964, -0.749192 )
( 1.814224, 0.380702, -0.748784 )
( 1.784548, 0.364356, -0.748172 )
( 1.750932, 0.360132, -0.747561 )
( 1.724710, 0.365825, -0.746665 )
( 0.910780, 0.612692, -0.685660 )
( 0.713110, 0.678495, -0.671201 )
( 0.665262, 0.694019, -0.667655 )
( 0.617779, 0.705795, -0.662810 )
( 0.564209, 0.708502, -0.657530 )
( 0.075605, 0.746106, -0.659695 )
( 0.016241, 0.750728, -0.659227 )
( -0.043367, 0.752502, -0.658884 )
( -0.100895, 0.743598, -0.656948 )
( -0.142565, 0.735885, -0.654616 )
( -0.192984, 0.727393, -0.652138 )
( -0.245638, 0.718538, -0.649680 )
( -0.303719, 0.709756, -0.647583 )
( -0.362065, 0.697738, -0.645246 )
( -0.420848, 0.686281, -0.643535 )
( -0.481064, 0.678450, -0.646358 )
( -0.540079, 0.670946, -0.649190 )
( -0.597836, 0.675285, -0.653151 )
( -1.012211, 0.714872, -0.674554 )
( -1.069037, 0.720678, -0.677371 )
( -1.763944, 0.810237, -0.750854 )
( -1.790654, 0.816587, -0.751572 )
( -1.814210, 0.830691, -0.752197 )
( -1.832250, 0.850971, -0.752344 )
( -1.846766, 0.900000, -0.752530 )
( -1.832236, 0.949050, -0.752719 )
( -1.814428, 0.969128, -0.752609 )
( -1.784936, 0.985517, -0.752366 )
( -1.751482, 0.989902, -0.752124 )
( -1.209849, 0.893698, -0.689665 )
( -0.708064, 0.819384, -0.666449 )
( -0.649543, 0.810474, -0.662890 )
( -0.591165, 0.802758, -0.661832 )
( -0.533040, 0.800071, -0.663547 )
( -0.471576, 0.800006, -0.665086 )
( 0.500685, 0.823253, -0.703170 )
( 0.548307, 0.822968, -0.704728 )
( 0.610439, 0.822488, -0.705914 )
( 0.687841, 0.824940, -0.704399 )
( 0.757081, 0.828740, -0.704956 )
( 0.812729, 0.836398, -0.707092 )
( 1.232870, 0.894652, -0.714279 )
( 1.753334, 0.989990, -0.757105 )
( 1.785502, 0.985328, -0.757199 )
( 1.813919, 0.969549, -0.757294 )
( 1.832230, 0.949060, -0.757356 )
( 1.846766, 0.900000, -0.757168 )
( 1.832228, 0.850937, -0.756981 )
( 1.814396, 0.830845, -0.756750 )
( 1.767671, 0.810615, -0.754226 )
( 1.298235, 0.767075, -0.729183 )
( 0.643569, 0.704572, -0.680935 )
( 0.584076, 0.697038, -0.670812 )
( 0.523713, 0.693426, -0.666744 )
( 0.464382, 0.689487, -0.663510 )
( 0.417453, 0.686344, -0.662361 )
( 0.356900, 0.685423, -0.662683 )
( 0.300026, 0.686256, -0.662946 )
( -0.028225, 0.690458, -0.664341 )
( -0.088534, 0.691196, -0.666932 )
( -0.149147, 0.693373, -0.667393 )
( -0.186525, 0.694992, -0.667764 )
( -0.237158, 0.697842, -0.667030 )
( -0.331667, 0.704206, -0.661778 )
( -0.391934, 0.705944, -0.654261 )
( -0.450327, 0.698736, -0.646869 )
( -0.508440, 0.688681, -0.642021 )
( -0.565362, 0.677808, -0.637176 )
( -0.915908, 0.595803, -0.603111 )
( -1.750553, 0.360157, -0.595168 )
( -1.784343, 0.364290, -0.594903 )
( -1.814184, 0.380669, -0.594639 )
( -1.832222, 0.400928, -0.594550 )
( -1.846766, 0.450000, -0.594627 )
( -1.832226, 0.499065, -0.594702 )
( -1.801607, 0.528065, -0.595610 )
( -1.764131, 0.539747, -0.603506 )
( -1.065682, 0.711505, -0.691757 )
( -1.011192, 0.727126, -0.690582 )
( -0.746097, 0.803143, -0.683379 )
( -0.692561, 0.819634, -0.681705 )
( -0.634692, 0.821191, -0.669336 )
( -0.575393, 0.817237, -0.661466 )
( -0.516314, 0.812605, -0.655777 )
( -0.457132, 0.806940, -0.650760 )
( -0.111285, 0.766518, -0.624199 )
( -0.053346, 0.753961, -0.635533 )
( 0.003619, 0.743984, -0.645594 )
( 0.061379, 0.734158, -0.656360 )
( 0.121250, 0.724505, -0.668913 )
( 0.329340, 0.696151, -0.687460 )
( 0.390485, 0.690297, -0.686358 )
( 0.443877, 0.685180, -0.685346 )
( 0.541315, 0.681922, -0.674215 )
( 0.597074, 0.681260, -0.664117 )
( 0.633136, 0.680825, -0.657559 )
( 0.683763, 0.694653, -0.651333 )
( 1.347749, 0.878047, -0.581115 )
( 1.733251, 0.986944, -0.569863 )
( 1.759905, 0.989997, -0.567201 )
( 1.787163, 0.984749, -0.562762 )
( 1.810776, 0.972019, -0.559848 )
( 1.829564, 0.952938, -0.557821 )
( 1.842138, 0.928500, -0.556597 )
( 1.846767, 0.900000, -0.556082 )
( 1.846681, 0.699157, -0.475347 )
( 1.846766, 0.450000, -0.375196 )
( 1.832230, 0.400940, -0.374470 )
( 1.814367, 0.380822, -0.375792 )
( 1.791722, 0.367030, -0.380744 )
( 1.765070, 0.360336, -0.388230 )
( 1.738456, 0.361817, -0.394698 )
( 1.266528, 0.468430, -0.494945 )
( 0.816366, 0.570129, -0.592362 )