-1.007143
0.000000
-1.907143
( 0.683637, -0.011119, -0.016664 )
( 0.639122, -0.012045, -0.012933 )
( 0.579571, -0.013340, -0.011391 )
( 0.519446, -0.013107, -0.008530 )
( -0.258525, 0.011058, -0.002895 )
( -0.318148, 0.013330, -0.002436 )
( -0.377628, 0.013393, -0.006791 )
( -0.437527, 0.012452, -0.013170 )
( -0.476691, 0.008438, -0.017448 )
( -0.535716, 0.001291, -0.023572 )
( -0.594715, -0.006853, -0.028501 )
( -0.630346, -0.010646, -0.031693 )
( -0.687731, -0.023526, -0.036523 )
( -0.764973, -0.034077, -0.037233 )
( -0.825281, -0.038666, -0.037249 )
( -0.882511, -0.041356, -0.037869 )
( -0.940829, -0.043436, -0.030159 )
( -0.999486, -0.036209, -0.028008 )
( -1.647506, 0.043440, -0.005162 )
( -1.911967, 0.089924, 0.008205 )
( -1.938708, 0.084340, 0.007617 )
( -1.962544, 0.070996, 0.007120 )
( -1.982652, 0.049072, 0.006880 )
( -1.997196, -0.000000, 0.005612 )
( -1.982649, -0.049076, 0.004344 )
( -1.964641, -0.069308, 0.004188 )
( -1.941365, -0.083298, 0.004208 )
( -1.915376, -0.089677, 0.004211 )
( -1.472764, -0.071373, -0.004114 )
( -1.005961, -0.048246, -0.014981 )
( -0.946474, -0.046012, -0.016563 )
( -0.769232, -0.037971, -0.020896 )
( -0.709063, -0.034052, -0.022621 )
( -0.649102, -0.029492, -0.024469 )
( -0.589501, -0.024953, -0.026298 )
( -0.530358, -0.013584, -0.027622 )
( -0.470990, -0.003343, -0.028637 )
( -0.181540, 0.055950, -0.029841 )
( -0.125569, 0.066733, -0.030642 )
( -0.070137, 0.077798, -0.031245 )
( 0.027870, 0.097598, -0.032195 )
( 0.081697, 0.107412, -0.032914 )
( 0.624823, 0.218299, -0.033633 )
( 1.175555, 0.352195, -0.032198 )
( 1.888641, 0.538133, -0.023660 )
( 1.915408, 0.539674, -0.023598 )
( 1.941535, 0.533228, -0.023262 )
( 1.964654, 0.519298, -0.023264 )
( 1.982642, 0.499086, -0.023254 )
( 1.997196, 0.450000, -0.023355 )
( 1.982650, 0.400926, -0.023458 )
( 1.960991, 0.377819, -0.023649 )
( 1.932671, 0.363640, -0.023841 )
( 1.772507, 0.334657, -0.025656 )
( 1.188104, 0.231062, -0.031456 )
( 0.763133, 0.162531, -0.035329 )
( 0.276695, 0.082851, -0.032830 )
( 0.221539, 0.073923, -0.032850 )
( 0.165719, 0.065804, -0.031944 )
( 0.067991, 0.052011, -0.029548 )
( 0.010726, 0.043958, -0.028165 )
( -0.270649, 0.008488, -0.016825 )
( -0.329265, 0.002476, -0.013504 )
( -0.389138, -0.001959, -0.012755 )
( -0.461297, -0.003635, -0.008128 )
( -0.521527, -0.007610, -0.011057 )
( -0.593853, -0.012733, -0.014560 )
( -0.667682, -0.016109, -0.020858 )
( -0.727094, -0.018583, -0.026237 )
( -0.784772, -0.021023, -0.031623 )
( -0.839966, -0.023966, -0.036605 )
( -0.891631, -0.026225, -0.042074 )
( -0.933922, -0.055806, -0.060662 )
( -1.267731, -0.322652, -0.136358 )
( -1.668197, -0.612179, -0.186644 )
( -1.964894, -0.830902, -0.210870 )
( -1.982652, -0.850929, -0.214543 )
( -1.997196, -0.900000, -0.213945 )
( -1.982643, -0.949086, -0.213349 )
( -1.964469, -0.969450, -0.213358 )
( -1.941412, -0.983278, -0.213313 )
( -1.915281, -0.989685, -0.213313 )
( -1.517707, -0.980233, -0.212833 )
( -1.101072, -0.974821, -0.212576 )
( -0.509384, -0.972256, -0.212337 )
( 0.262661, -0.969220, -0.212069 )
( 0.959559, -0.964622, -0.211754 )
( 1.359019, -0.968802, -0.211440 )
( 1.915400, -0.989674, -0.211074 )
( 1.941458, -0.983259, -0.211083 )
( 1.964588, -0.969352, -0.211148 )
( 1.982641, -0.949088, -0.211178 )
( 1.997196, -0.900000, -0.211049 )
( 1.982651, -0.850928, -0.210918 )
( 1.640685, -0.508492, -0.130379 )
( 1.208430, -0.079645, -0.053136 )
( 1.149762, -0.069058, -0.045633 )
( 1.093328, -0.058859, -0.038431 )
( 1.020921, -0.051822, -0.032585 )
( 0.962249, -0.046050, -0.027936 )
( 0.903142, -0.041190, -0.022652 )
( 0.841597, -0.036144, -0.017164 )
( 0.782632, -0.031308, -0.011912 )
( 0.724123, -0.032432, -0.011924 )
( 0.712604, -0.033669, -0.013524 )
( 0.646139, -0.030569, -0.016400 )
( 0.587946, -0.026961, -0.019571 )
( 0.529120, -0.018214, -0.023437 )
( 0.030910, 0.047685, -0.044176 )
( -0.026286, 0.056370, -0.046483 )
( -0.086914, 0.066683, -0.048524 )
( -0.142569, 0.076187, -0.050387 )
( -0.932786, 0.208372, -0.044309 )
( -1.263430, 0.257977, -0.033759 )
( -1.692823, 0.322227, -0.018933 )
( -1.910121, 0.359996, -0.008358 )
( -1.936704, 0.364937, -0.008657 )
( -1.962666, 0.379100, -0.008522 )
( -1.982640, 0.400910, -0.008387 )
( -1.997196, 0.450000, -0.008213 )
( -1.982648, 0.499078, -0.008039 )
( -1.964835, 0.519147, -0.008219 )
( -1.941804, 0.533116, -0.008199 )
( -1.915720, 0.539644, -0.008784 )
( -1.888580, 0.538120, -0.008804 )
( -1.408809, 0.426790, -0.013814 )
( -0.998278, 0.339109, -0.012214 )
( -0.425068, 0.219207, -0.009344 )
( 0.034135, 0.117108, -0.014238 )
( 0.087822, 0.105302, -0.015260 )
( 0.197048, 0.080327, -0.017778 )
( 0.251907, 0.067972, -0.018860 )
( 0.576960, -0.007348, -0.026232 )
( 0.634998, -0.020744, -0.027701 )
( 0.708804, -0.038329, -0.027727 )
( 0.781906, -0.043597, -0.024023 )
( 0.853983, -0.050276, -0.019943 )
( 0.913829, -0.053370, -0.016799 )
( 0.973745, -0.054723, -0.014574 )
( 1.034066, -0.056088, -0.012332 )
( 1.235185, -0.061515, -0.004943 )
( 1.295421, -0.062183, -0.002833 )
( 1.915823, -0.089634, 0.016633 )
( 1.941895, -0.083078, 0.016632 )
( 1.964866, -0.069121, 0.016643 )
( 1.982655, -0.049066, 0.016644 )
( 1.997196, -0.000000, 0.015453 )
( 1.982651, 0.049073, 0.014262 )
( 1.962552, 0.070989, 0.013506 )
( 1.936411, 0.085165, 0.012795 )
( 1.909889, 0.090012, 0.015437 )
( 1.292381, -0.049304, -0.014334 )
( 1.234805, -0.057889, -0.018967 )
( 1.200334, -0.064061, -0.021967 )
( 1.144668, -0.069234, -0.026139 )
( 1.085092, -0.070414, -0.028724 )
( 1.009420, -0.064834, -0.030187 )
( 0.949896, -0.060814, -0.031670 )
( 0.890857, -0.050417, -0.032309 )
( 0.835232, -0.040594, -0.033010 )
( 0.776663, -0.028105, -0.030929 )
( 0.704127, -0.012800, -0.018286 )