-1.002857
0.000000
-1.902857
( 0.725606, 0.701032, -0.139937 )
( 0.678654, 0.711167, -0.157091 )
( 0.630133, 0.717359, -0.159632 )
( 0.571001, 0.728956, -0.159171 )
( 0.514890, 0.739922, -0.158723 )
( 0.463244, 0.749089, -0.158164 )
( 0.403839, 0.755932, -0.159587 )
( 0.224826, 0.774473, -0.160665 )
( 0.165029, 0.778105, -0.161958 )
( 0.134026, 0.779739, -0.163204 )
( 0.074294, 0.776659, -0.163018 )
( 0.019635, 0.749401, -0.170637 )
( -0.037486, 0.728363, -0.177108 )
( -0.107845, 0.722316, -0.172812 )
( -0.167537, 0.717215, -0.169196 )
( -0.222606, 0.712536, -0.165882 )
( -0.281143, 0.714275, -0.154766 )
( -0.931000, 0.841776, -0.050695 )
( -1.438451, 0.909501, 0.014251 )
( -1.888159, 0.988846, 0.078641 )
( -1.915677, 0.989136, 0.078139 )
( -1.942623, 0.980798, 0.075698 )
( -1.970690, 0.959231, 0.072248 )
( -1.988278, 0.928513, 0.068798 )
( -1.992911, 0.900000, 0.068801 )
( -1.988278, 0.871489, 0.068801 )
( -1.975879, 0.847299, 0.066268 )
( -1.957229, 0.828214, 0.061194 )
( -1.933958, 0.815488, 0.055970 )
( -1.906997, 0.810042, 0.051426 )
( -1.389657, 0.761919, -0.000842 )
( -0.831224, 0.736771, -0.052184 )
( -0.010570, 0.723894, -0.152060 )
( 0.048052, 0.726648, -0.157416 )
( 0.136586, 0.730738, -0.165435 )
( 0.218041, 0.742033, -0.171183 )
( 0.271347, 0.745609, -0.181542 )
( 0.329947, 0.750650, -0.192732 )
( 0.388640, 0.754239, -0.202689 )
( 0.448281, 0.754492, -0.210369 )
( 0.496087, 0.754344, -0.216734 )
( 0.555975, 0.750987, -0.223802 )
( 0.907501, 0.673150, -0.239409 )
( 1.656317, 0.572963, -0.237537 )
( 1.926793, 0.536814, -0.237926 )
( 1.956045, 0.522668, -0.238061 )
( 1.978373, 0.499062, -0.238222 )
( 1.992910, 0.450000, -0.238234 )
( 1.978409, 0.400994, -0.238249 )
( 1.960663, 0.380948, -0.238190 )
( 1.937801, 0.367003, -0.238014 )
( 1.911422, 0.360355, -0.237947 )
( 1.884419, 0.361854, -0.237404 )
( 1.283162, 0.557686, -0.191932 )
( 0.939976, 0.682490, -0.175805 )
( 0.889012, 0.700432, -0.173316 )
( 0.813290, 0.715928, -0.175201 )
( 0.754223, 0.721592, -0.174509 )
( 0.545877, 0.744574, -0.176209 )
( 0.485926, 0.750508, -0.176522 )
( 0.452264, 0.753193, -0.176265 )
( 0.392177, 0.754844, -0.176515 )
( 0.323757, 0.756881, -0.176834 )
( 0.264006, 0.758197, -0.175181 )
( 0.205548, 0.752110, -0.171402 )
( 0.146321, 0.746866, -0.167864 )
( 0.054745, 0.739422, -0.162562 )
( -0.000717, 0.736004, -0.159588 )
( -0.060058, 0.734054, -0.160374 )
( -0.119399, 0.732177, -0.161278 )
( -0.179319, 0.729772, -0.161755 )
( -0.221191, 0.728089, -0.162214 )
( -0.279979, 0.726170, -0.164969 )
( -0.337216, 0.723104, -0.173526 )
( -0.378290, 0.720912, -0.179704 )
( -0.436894, 0.721679, -0.182161 )
( -1.179224, 0.735363, -0.210722 )
( -1.910855, 0.810302, -0.242443 )
( -1.936868, 0.816616, -0.243171 )
( -1.960394, 0.830724, -0.243610 )
( -1.978374, 0.850940, -0.244269 )
( -1.992910, 0.900000, -0.243586 )
( -1.978379, 0.949052, -0.242903 )
( -1.956828, 0.972089, -0.242551 )
( -1.928654, 0.986280, -0.242200 )
( -1.901790, 0.990047, -0.242611 )
( -1.570457, 0.934562, -0.229750 )
( -0.967848, 0.840645, -0.210312 )
( -0.245517, 0.756711, -0.197789 )
( -0.186641, 0.750865, -0.197138 )
( -0.127100, 0.746330, -0.197415 )
( -0.067087, 0.744056, -0.198321 )
( -0.024569, 0.742549, -0.199003 )
( 0.036327, 0.740924, -0.200252 )
( 0.097070, 0.739495, -0.201471 )
( 0.343780, 0.736462, -0.203884 )
( 0.403010, 0.738844, -0.204476 )
( 0.463676, 0.741695, -0.205007 )
( 0.522383, 0.746376, -0.205469 )
( 0.581051, 0.756078, -0.206864 )
( 1.215286, 0.857097, -0.221245 )
( 1.899131, 0.989977, -0.246929 )
( 1.935532, 0.983916, -0.246908 )
( 1.960620, 0.969088, -0.246891 )
( 1.978369, 0.949067, -0.247538 )
( 1.992910, 0.900000, -0.248798 )
( 1.978367, 0.850930, -0.250059 )
( 1.960318, 0.830661, -0.249799 )
( 1.924230, 0.812519, -0.249540 )
( 1.672948, 0.783171, -0.234072 )
( 0.955509, 0.700500, -0.193364 )
( 0.902665, 0.694330, -0.190319 )
( 0.862419, 0.690733, -0.179421 )
( 0.815981, 0.699550, -0.168441 )
( 0.741837, 0.719860, -0.153412 )
( 0.715317, 0.719953, -0.140619 )
( 0.711513, 0.719322, -0.139252 )
( 0.643072, 0.712606, -0.144365 )
( 0.585080, 0.709992, -0.150304 )
( 0.526257, 0.711282, -0.155310 )
( 0.467516, 0.714865, -0.160781 )
( 0.289273, 0.728127, -0.177916 )
( 0.232137, 0.731314, -0.183665 )
( 0.172669, 0.738890, -0.186744 )
( 0.128519, 0.742410, -0.187516 )
( 0.068894, 0.749458, -0.189993 )
( 0.012793, 0.749083, -0.186738 )
( -0.043627, 0.746952, -0.183454 )
( -0.262569, 0.740704, -0.171683 )
( -0.321697, 0.738774, -0.168043 )
( -0.379370, 0.727727, -0.164720 )
( -0.435359, 0.713351, -0.163434 )
( -1.094833, 0.540575, -0.165960 )
( -1.884399, 0.361858, -0.187877 )
( -1.911289, 0.360342, -0.187876 )
( -1.937409, 0.366839, -0.187882 )
( -1.960576, 0.380876, -0.187876 )
( -1.978375, 0.400942, -0.187882 )
( -1.992910, 0.450000, -0.187739 )
( -1.978373, 0.499061, -0.187595 )
( -1.960584, 0.519118, -0.187742 )
( -1.932492, 0.535038, -0.187975 )
( -1.910021, 0.539768, -0.189031 )
( -1.203822, 0.620335, -0.206088 )
( -0.748735, 0.669909, -0.227649 )
( -0.223892, 0.746650, -0.213435 )
( -0.166350, 0.755389, -0.211653 )
( -0.108773, 0.759300, -0.203725 )
( -0.043181, 0.763275, -0.194656 )
( 0.014252, 0.766804, -0.186672 )
( 0.064856, 0.768265, -0.179236 )
( 0.147540, 0.767308, -0.168659 )
( 0.204784, 0.767051, -0.163281 )
( 0.261083, 0.762220, -0.161048 )
( 0.319625, 0.753606, -0.160865 )
( 0.353531, 0.748318, -0.161071 )
( 0.412392, 0.740684, -0.163854 )
( 0.491473, 0.727798, -0.164264 )
( 0.549110, 0.717711, -0.166780 )
( 0.606934, 0.704450, -0.164473 )
( 0.719605, 0.679647, -0.153781 )
( 0.757146, 0.679771, -0.146952 )
( 1.240295, 0.698626, -0.052761 )
( 1.906761, 0.810031, 0.063732 )
( 1.932842, 0.815086, 0.070484 )
( 1.956463, 0.827640, 0.076879 )
( 1.975364, 0.846592, 0.081900 )
( 1.988276, 0.871484, 0.082686 )
( 1.992911, 0.900000, 0.082688 )
( 1.988208, 0.928721, 0.083280 )
( 1.975869, 0.952716, 0.082438 )
( 1.956975, 0.971978, 0.081595 )
( 1.931751, 0.985292, 0.080067 )
( 1.904939, 0.990030, 0.078697 )
( 1.878335, 0.985610, 0.071389 )
( 1.312556, 0.808403, -0.088243 )
( 0.742868, 0.696179, -0.130505 )