-1.031429
0.000000
-1.931429
( 0.432203, 0.960236, -0.117204 )
( -0.225752, 0.962211, -0.117680 )
( -0.901614, 0.973002, -0.118464 )
( -1.333067, 0.979856, -0.119227 )
( -1.939859, 0.989658, -0.120736 )
( -1.965843, 0.983218, -0.120710 )
( -1.988839, 0.969381, -0.120692 )
( -2.006930, 0.949083, -0.120531 )
( -2.021481, 0.900000, -0.119622 )
( -2.006938, 0.850929, -0.116741 )
( -1.860931, 0.556415, 0.076348 )
( -1.850465, 0.530121, 0.091497 )
( -1.840413, 0.504928, 0.105988 )
( -1.841753, 0.441760, 0.118156 )
( -1.848562, 0.414748, 0.121562 )
( -2.016845, 0.028527, 0.082166 )
( -2.021482, -0.000000, 0.082165 )
( -2.016856, -0.028493, 0.082167 )
( -2.004594, -0.052502, 0.083784 )
( -1.985447, -0.072053, 0.085313 )
( -1.960740, -0.085150, 0.086156 )
( -1.933015, -0.090040, 0.086183 )
( -1.905585, -0.086266, 0.086052 )
( -1.526731, 0.017241, 0.085021 )
( -1.118033, 0.135164, 0.084331 )
( -0.483570, 0.346316, 0.096636 )
( -0.437933, 0.376668, 0.095224 )
( -0.399877, 0.380969, 0.088713 )
( -0.346787, 0.386496, 0.077145 )
( -0.264016, 0.392564, 0.066570 )
( 0.253121, 0.418338, 0.062068 )
( 0.329024, 0.426996, 0.058819 )
( 1.145866, 0.483791, 0.057721 )
( 1.847946, 0.529964, 0.059576 )
( 1.884326, 0.535898, 0.060255 )
( 1.934231, 0.540010, 0.060483 )
( 1.961150, 0.535008, 0.061020 )
( 1.987023, 0.520844, 0.060889 )
( 2.006932, 0.499081, 0.060758 )
( 2.021481, 0.450000, 0.061203 )
( 2.006936, 0.400926, 0.061648 )
( 1.988946, 0.380708, 0.061634 )
( 1.966005, 0.366849, 0.061340 )
( 1.940040, 0.360359, 0.060996 )
( 1.866625, 0.358186, 0.058752 )
( 1.836022, 0.352680, 0.057172 )
( 1.064723, 0.371685, 0.052812 )
( 0.390199, 0.413590, 0.071749 )
( 0.332162, 0.418967, 0.073587 )
( 0.274204, 0.432688, 0.075954 )
( 0.218467, 0.447950, 0.078305 )
( 0.162813, 0.463348, 0.080260 )
( 0.104201, 0.479191, 0.082090 )
( 0.049450, 0.494282, 0.083810 )
( -0.515229, 0.610354, 0.092041 )
( -1.352623, 0.851736, 0.105920 )
( -1.912891, 0.988125, 0.107929 )
( -1.940227, 0.989623, 0.107983 )
( -1.966265, 0.983043, 0.108597 )
( -1.989144, 0.969127, 0.109094 )
( -2.006932, 0.949080, 0.109662 )
( -2.021481, 0.900000, 0.111115 )
( -2.006936, 0.850926, 0.112495 )
( -1.869082, 0.527542, 0.097462 )
( -1.845124, 0.475712, 0.095437 )
( -1.841700, 0.457649, 0.094633 )
( -1.842729, 0.375541, 0.087386 )
( -1.848925, 0.345880, 0.084422 )
( -1.835045, -0.003093, 0.034942 )
( -1.841836, -0.459104, -0.034609 )
( -1.849558, -0.487507, -0.040187 )
( -2.006947, -0.850944, -0.127111 )
( -2.021481, -0.900000, -0.128584 )
( -2.006940, -0.949069, -0.129660 )
( -1.988657, -0.969531, -0.129873 )
( -1.965597, -0.983320, -0.129921 )
( -1.939549, -0.989687, -0.129821 )
( -1.520261, -0.974484, -0.129935 )
( -1.109462, -0.965921, -0.129109 )
( -0.419107, -0.956547, -0.127243 )
( 0.255959, -0.958475, -0.125564 )
( 0.975340, -0.968405, -0.124738 )
( 1.376536, -0.975752, -0.124525 )
( 1.939871, -0.989657, -0.123100 )
( 1.966019, -0.983146, -0.123115 )
( 1.988940, -0.969297, -0.123123 )
( 2.006930, -0.949084, -0.123127 )
( 2.021481, -0.900000, -0.123078 )
( 2.006934, -0.850924, -0.122505 )
( 1.848634, -0.485421, -0.055720 )
( 1.841376, -0.450346, -0.049848 )
( 1.840992, -0.234750, -0.016472 )
( 1.840478, 0.327083, 0.067446 )
( 1.840549, 0.357632, 0.071719 )
( 1.840897, 0.392063, 0.075510 )
( 1.841375, 0.450248, 0.083908 )
( 1.845505, 0.476959, 0.087870 )
( 1.869784, 0.528244, 0.090311 )
( 2.006935, 0.850925, 0.110842 )
( 2.021481, 0.900000, 0.112488 )
( 2.006935, 0.949075, 0.114134 )
( 1.989099, 0.969165, 0.114718 )
( 1.966076, 0.983122, 0.114671 )
( 1.940035, 0.989641, 0.114654 )
( 1.913065, 0.988162, 0.114672 )
( 1.547030, 0.883161, 0.110670 )
( 0.610446, 0.617580, 0.099949 )
( 0.103986, 0.483437, 0.097194 )
( 0.049073, 0.467695, 0.096983 )
( -0.305977, 0.385460, 0.087893 )
( -0.361214, 0.371294, 0.087265 )
( -0.411261, 0.365430, 0.085040 )
( -0.445736, 0.362380, 0.082219 )
( -0.498932, 0.354560, 0.079602 )
( -1.410947, 0.333737, 0.073130 )
( -1.839174, 0.349485, 0.070033 )
( -1.871593, 0.353897, 0.068923 )
( -1.940070, 0.360362, 0.069508 )
( -1.966047, 0.366866, 0.070683 )
( -1.989168, 0.380893, 0.070653 )
( -2.006936, 0.400925, 0.070625 )
( -2.021481, 0.450000, 0.070933 )
( -2.006934, 0.499077, 0.071241 )
( -1.986352, 0.521366, 0.071234 )
( -1.959537, 0.535555, 0.071226 )
( -1.932653, 0.540046, 0.070325 )
( -1.859718, 0.536810, 0.069340 )
( -1.826154, 0.534989, 0.068653 )
( -0.973199, 0.485698, 0.063402 )
( -0.512211, 0.467656, 0.051986 )
( 0.172612, 0.456952, 0.058234 )
( 0.235460, 0.462341, 0.074660 )
( 0.286328, 0.440844, 0.086637 )
( 0.341192, 0.422919, 0.087311 )
( 0.396056, 0.405008, 0.087992 )
( 0.923148, 0.227048, 0.086273 )
( 1.326728, 0.092355, 0.086260 )
( 1.907450, -0.086803, 0.088365 )
( 1.935177, -0.089976, 0.088358 )
( 1.961578, -0.084857, 0.088606 )
( 1.985900, -0.071711, 0.088294 )
( 2.004719, -0.052328, 0.086811 )
( 2.016857, -0.028490, 0.084864 )
( 2.021482, -0.000000, 0.084864 )
( 2.016844, 0.028527, 0.084858 )
( 1.842969, 0.433133, 0.096199 )
( 1.834890, 0.482827, 0.102773 )
( 1.841405, 0.509939, 0.089171 )
( 1.854090, 0.538653, 0.076536 )
( 1.868589, 0.563055, 0.058115 )
( 2.006939, 0.850932, -0.113342 )
( 2.021481, 0.900000, -0.114967 )
( 2.006929, 0.949085, -0.115044 )
( 1.989130, 0.969139, -0.115057 )
( 1.966244, 0.983051, -0.115046 )
( 1.939849, 0.989659, -0.115055 )
( 1.542655, 0.985174, -0.115906 )
( 1.108035, 0.976792, -0.116564 )
( 0.452201, 0.960886, -0.117188 )