2.277550
0.000000
1.377550
( 0.281569, 0.961334, 0.026794 )
( -0.801565, 0.986298, 0.012522 )
( -1.375465, 0.990030, 0.004804 )
( -1.402848, 0.986427, 0.006145 )
( -1.427850, 0.974696, 0.007487 )
( -1.458654, 0.939139, 0.006981 )
( -1.467474, 0.904838, 0.007645 )
( -1.462679, 0.870627, 0.008809 )
( -1.448934, 0.845099, 0.009792 )
( -1.428927, 0.826040, 0.010862 )
( -1.391462, 0.811027, 0.013245 )
( -0.845590, 0.743160, 0.068615 )
( 0.016610, 0.676274, 0.122346 )
( 0.076323, 0.664893, 0.126341 )
( 0.749493, 0.615521, 0.155256 )
( 1.395878, 0.538169, 0.152356 )
( 1.431654, 0.521989, 0.151789 )
( 1.452179, 0.500401, 0.151776 )
( 1.464464, 0.473571, 0.151833 )
( 1.467418, 0.444211, 0.151890 )
( 1.459877, 0.413505, 0.151871 )
( 1.442623, 0.387749, 0.152384 )
( 1.417655, 0.369370, 0.152893 )
( 0.922557, 0.183266, 0.147919 )
( 0.016927, -0.208538, 0.099112 )
( -0.024006, -0.229269, 0.097806 )
( -0.896544, -0.607666, 0.053274 )
( -1.429302, -0.826302, -0.002910 )
( -1.449230, -0.845488, -0.005844 )
( -1.464998, -0.878492, -0.009479 )
( -1.467414, -0.905838, -0.011356 )
( -1.454797, -0.946288, -0.012546 )
( -1.428683, -0.974129, -0.012994 )
( -1.382237, -0.989932, -0.013053 )
( -0.344939, -0.978380, -0.008509 )
( 0.742167, -0.983025, -0.001917 )
( 1.369647, -0.989706, 0.003712 )
( 1.397992, -0.987703, 0.003739 )
( 1.424302, -0.976967, 0.003766 )
( 1.454543, -0.946710, 0.003028 )
( 1.465085, -0.921151, 0.002185 )
( 1.467025, -0.889808, 0.001586 )
( 1.458085, -0.859704, 0.000987 )
( 1.441343, -0.836438, 0.001389 )
( 1.418138, -0.819611, 0.001791 )
( 0.939798, -0.601589, 0.044763 )
( 0.024922, -0.222488, 0.082212 )
( -0.017989, -0.205406, 0.083657 )
( -0.981389, 0.175534, 0.148616 )
( -1.417389, 0.369238, 0.159501 )
( -1.449840, 0.396299, 0.161623 )
( -1.463633, 0.423554, 0.162046 )
( -1.467522, 0.453852, 0.162469 )
( -1.465405, 0.469779, 0.162435 )
( -1.447764, 0.506389, 0.162030 )
( -1.427877, 0.524678, 0.161757 )
( -1.388331, 0.539406, 0.160134 )
( -0.704257, 0.604564, 0.149317 )
( -0.003647, 0.664638, 0.112170 )
( 0.055749, 0.667376, 0.109056 )
( 0.871584, 0.745050, 0.062679 )
( 1.379435, 0.809966, 0.012586 )
( 1.411974, 0.816785, 0.010546 )
( 1.436307, 0.831756, 0.009886 )
( 1.454828, 0.853763, 0.010003 )
( 1.465464, 0.880486, 0.010120 )
( 1.467354, 0.906704, 0.010546 )
( 1.457000, 0.942394, 0.011210 )
( 1.433117, 0.970866, 0.011875 )
( 1.409607, 0.984155, 0.011783 )
( 1.383213, 0.989876, 0.011690 )
( 0.301493, 0.959547, 0.027443 )