-0.779210
0.000000
-1.679210
( 0.667422, 0.610017, -0.454684 )
( 0.623053, 0.617095, -0.473262 )
( 0.568166, 0.633015, -0.484569 )
( 0.510495, 0.645280, -0.492813 )
( 0.436447, 0.660267, -0.502688 )
( 0.374259, 0.665297, -0.488034 )
( 0.315797, 0.669720, -0.484296 )
( 0.256663, 0.674010, -0.482356 )
( 0.169724, 0.677988, -0.483602 )
( 0.110653, 0.681258, -0.481030 )
( 0.075715, 0.683150, -0.480902 )
( 0.016813, 0.686880, -0.480947 )
( -0.042228, 0.690517, -0.481575 )
( -0.082289, 0.692982, -0.482064 )
( -0.139706, 0.696405, -0.483234 )
( -0.197651, 0.699916, -0.484461 )
( -0.285476, 0.686647, -0.498224 )
( -0.351236, 0.663840, -0.515131 )
( -0.405161, 0.644912, -0.510062 )
( -0.453790, 0.629756, -0.503206 )
( -0.559372, 0.622363, -0.456250 )
( -0.601373, 0.630055, -0.435987 )
( -0.663662, 0.642776, -0.403670 )
( -0.716235, 0.649774, -0.383386 )
( -0.769939, 0.656980, -0.362841 )
( -0.830727, 0.654720, -0.345145 )
( -0.894748, 0.652524, -0.323482 )
( -0.923919, 0.638857, -0.330028 )
( -0.970287, 0.616786, -0.338683 )
( -1.020684, 0.591660, -0.333434 )
( -1.371655, 0.427017, -0.282686 )
( -1.668698, 0.360562, -0.217855 )
( -1.704902, 0.363689, -0.216612 )
( -1.736922, 0.380870, -0.215379 )
( -1.754719, 0.400928, -0.213604 )
( -1.769263, 0.450000, -0.210274 )
( -1.754720, 0.499070, -0.206942 )
( -1.736525, 0.519459, -0.207731 )
( -1.712028, 0.533861, -0.210899 )
( -1.269330, 0.577935, -0.294669 )
( -0.964925, 0.626155, -0.315906 )
( -0.912486, 0.625399, -0.320830 )
( -0.872496, 0.638544, -0.323687 )
( -0.822446, 0.655369, -0.327772 )
( -0.757551, 0.675774, -0.361031 )
( -0.721366, 0.665450, -0.390081 )
( -0.699595, 0.659358, -0.406883 )
( -0.653677, 0.634289, -0.423553 )
( -0.600981, 0.604415, -0.443606 )
( -0.557511, 0.618016, -0.436836 )
( -0.237171, 0.667508, -0.478816 )
( -0.178792, 0.676030, -0.486764 )
( -0.120710, 0.684812, -0.494538 )
( -0.064041, 0.693102, -0.502335 )
( -0.002014, 0.703001, -0.511561 )
( 0.054125, 0.716385, -0.514600 )
( 0.384806, 0.798795, -0.533618 )
( 0.441653, 0.812697, -0.536862 )
( 0.500499, 0.821287, -0.541110 )
( 0.546890, 0.828040, -0.544474 )
( 0.604969, 0.831267, -0.552784 )
( 0.665333, 0.829086, -0.560022 )
( 0.724346, 0.822494, -0.566872 )
( 1.187048, 0.678092, -0.575235 )
( 1.444106, 0.606405, -0.566894 )
( 1.711970, 0.533884, -0.558927 )
( 1.736505, 0.519476, -0.558700 )
( 1.754722, 0.499067, -0.558390 )
( 1.769263, 0.450000, -0.558446 )
( 1.754725, 0.400937, -0.558504 )
( 1.736897, 0.380849, -0.558206 )
( 1.707982, 0.364667, -0.557775 )
( 1.675173, 0.360037, -0.557345 )
( 1.647539, 0.365699, -0.555040 )
( 0.951340, 0.560255, -0.501296 )
( 0.768400, 0.609073, -0.489972 )
( 0.727210, 0.618527, -0.486901 )
( 0.680614, 0.626254, -0.483365 )
( 0.609591, 0.638785, -0.478993 )
( 0.553645, 0.649264, -0.474098 )
( 0.506225, 0.657627, -0.469441 )
( 0.424719, 0.670619, -0.467356 )
( 0.318261, 0.683196, -0.477585 )
( 0.259873, 0.690197, -0.483460 )
( 0.169942, 0.699008, -0.489175 )
( 0.110646, 0.704675, -0.493455 )
( 0.073494, 0.708336, -0.495791 )
( 0.014210, 0.711210, -0.498133 )
( -0.015795, 0.711232, -0.498906 )
( -0.077568, 0.709810, -0.500696 )
( -0.130655, 0.699476, -0.498003 )
( -0.189677, 0.689497, -0.496196 )
( -0.246687, 0.679960, -0.494479 )
( -0.305013, 0.668366, -0.494180 )
( -0.410476, 0.650311, -0.495543 )
( -0.468502, 0.640793, -0.496615 )
( -0.524887, 0.636850, -0.500864 )
( -0.582508, 0.633706, -0.506072 )
( -0.640474, 0.633009, -0.513045 )
( -0.987590, 0.682343, -0.524516 )
( -1.042443, 0.690390, -0.526458 )
( -1.450029, 0.758932, -0.547094 )
( -1.684824, 0.810122, -0.561648 )
( -1.712390, 0.816282, -0.562043 )
( -1.736692, 0.830678, -0.562431 )
( -1.754713, 0.850919, -0.562446 )
( -1.769263, 0.900000, -0.562762 )
( -1.754719, 0.949071, -0.563080 )
( -1.736878, 0.969166, -0.562939 )
( -1.707732, 0.985417, -0.562612 )
( -1.674668, 0.989939, -0.562286 )
( -1.176698, 0.883595, -0.534342 )
( -0.598065, 0.789801, -0.521624 )
( -0.539691, 0.782581, -0.521621 )
( -0.481385, 0.777286, -0.522301 )
( -0.424608, 0.774552, -0.525972 )
( -0.366022, 0.774863, -0.527880 )
( 0.400356, 0.800525, -0.548994 )
( 0.460529, 0.803665, -0.549102 )
( 0.520821, 0.808204, -0.548587 )
( 0.587105, 0.813205, -0.548024 )
( 0.647343, 0.819181, -0.546987 )
( 0.687616, 0.823519, -0.546303 )
( 1.164094, 0.883220, -0.546901 )
( 1.676016, 0.989997, -0.567017 )
( 1.708260, 0.985239, -0.567295 )
( 1.736698, 0.969316, -0.567572 )
( 1.754720, 0.949071, -0.567888 )
( 1.769263, 0.900000, -0.568633 )
( 1.754721, 0.850931, -0.569380 )
( 1.736654, 0.830647, -0.569261 )
( 1.712343, 0.816263, -0.568458 )
( 1.684771, 0.810118, -0.567640 )
( 1.002575, 0.718708, -0.506726 )
( 0.527114, 0.663779, -0.484078 )
( 0.496175, 0.659607, -0.483303 )
( 0.436648, 0.654481, -0.484284 )
( 0.377754, 0.649850, -0.485482 )
( 0.318324, 0.653690, -0.490539 )
( 0.259502, 0.657534, -0.495578 )
( 0.200319, 0.663469, -0.500698 )
( 0.141186, 0.669941, -0.505977 )
( -0.013047, 0.688288, -0.518795 )
( -0.072712, 0.691619, -0.520153 )
( -0.272710, 0.694092, -0.515975 )
( -0.329530, 0.686769, -0.512567 )
( -0.526398, 0.654936, -0.498837 )
( -0.582276, 0.642604, -0.495634 )
( -0.638111, 0.627664, -0.492635 )
( -0.877927, 0.563483, -0.479280 )
( -1.673789, 0.360110, -0.456361 )
( -1.707208, 0.364410, -0.456319 )
( -1.736708, 0.380692, -0.456277 )
( -1.754710, 0.400915, -0.456244 )
( -1.769263, 0.450000, -0.456238 )
( -1.754709, 0.499086, -0.456231 )
( -1.723771, 0.528255, -0.456521 )
( -1.702417, 0.537012, -0.460371 )
( -1.391225, 0.585722, -0.499166 )
( -1.075505, 0.669501, -0.537212 )
( -1.022174, 0.683935, -0.541101 )
( -0.967991, 0.697298, -0.540843 )
( -0.613510, 0.784490, -0.539348 )
( -0.554103, 0.795397, -0.533058 )
( -0.499090, 0.793787, -0.521016 )
( -0.442780, 0.788461, -0.510696 )
( -0.384619, 0.777111, -0.506243 )
( -0.107946, 0.719305, -0.488192 )
( -0.048624, 0.708011, -0.484044 )
( 0.012488, 0.699854, -0.489084 )
( 0.072463, 0.692805, -0.495290 )
( 0.126004, 0.686707, -0.500900 )
( 0.177628, 0.680757, -0.504352 )
( 0.234838, 0.673501, -0.503420 )
( 0.291743, 0.666239, -0.502507 )
( 0.389844, 0.651343, -0.500925 )
( 0.445365, 0.641589, -0.499704 )
( 0.515910, 0.629101, -0.498084 )
( 0.571806, 0.620030, -0.494630 )
( 0.682169, 0.606590, -0.486041 )
( 0.735757, 0.603572, -0.474271 )
( 0.776029, 0.610528, -0.468860 )
( 1.420744, 0.560057, -0.340715 )
( 1.681716, 0.540019, -0.296256 )
( 1.708649, 0.535106, -0.296442 )
( 1.734691, 0.520933, -0.296120 )
( 1.754719, 0.499072, -0.295883 )
( 1.769263, 0.450000, -0.295141 )
( 1.754735, 0.400954, -0.294396 )
( 1.736589, 0.380593, -0.294889 )
( 1.713632, 0.366785, -0.296606 )
( 1.687443, 0.360324, -0.300453 )
( 1.660285, 0.361957, -0.305237 )
( 1.206818, 0.475893, -0.382993 )
( 0.686271, 0.604041, -0.458574 )