-0.844286
0.000000
-1.744286
( 0.827373, 0.426873, -0.658787 )
( 0.473291, 0.474576, -0.714788 )
( 0.421196, 0.486870, -0.725983 )
( 0.365744, 0.499941, -0.737945 )
( 0.242006, 0.514866, -0.725122 )
( 0.184210, 0.524008, -0.714381 )
( 0.060505, 0.544078, -0.691111 )
( 0.026141, 0.555367, -0.706478 )
( 0.000991, 0.562248, -0.716974 )
( -0.075429, 0.545889, -0.741463 )
( -0.123789, 0.515009, -0.719522 )
( -0.169999, 0.503136, -0.683295 )
( -0.236851, 0.483046, -0.635094 )
( -0.679280, 0.428211, -0.577461 )
( -0.932058, 0.406660, -0.548820 )
( -1.158062, 0.389307, -0.518713 )
( -1.551741, 0.358060, -0.473798 )
( -1.752744, 0.360344, -0.451931 )
( -1.778999, 0.366906, -0.448918 )
( -1.801999, 0.380871, -0.445178 )
( -1.819803, 0.400941, -0.443289 )
( -1.834339, 0.450000, -0.441907 )
( -1.819796, 0.499069, -0.440591 )
( -1.709123, 0.685998, -0.513951 )
( -1.721845, 0.764624, -0.615022 )
( -1.723904, 0.787066, -0.639821 )
( -1.799660, 0.828983, -0.698643 )
( -1.819794, 0.850927, -0.699046 )
( -1.834339, 0.900000, -0.699411 )
( -1.819799, 0.949066, -0.699758 )
( -1.802001, 0.969127, -0.700131 )
( -1.778703, 0.983217, -0.701204 )
( -1.752360, 0.989691, -0.702347 )
( -1.725484, 0.988069, -0.702269 )
( -1.293666, 0.827410, -0.695062 )
( -0.916078, 0.702517, -0.691284 )
( -0.678452, 0.631132, -0.691575 )
( -0.246496, 0.510863, -0.701839 )
( -0.194188, 0.499130, -0.704078 )
( -0.132012, 0.495093, -0.710043 )
( -0.019694, 0.495373, -0.719932 )
( 0.039246, 0.498792, -0.724288 )
( 0.096891, 0.510196, -0.729405 )
( 0.152042, 0.521110, -0.734295 )
( 0.209703, 0.532541, -0.739316 )
( 0.270085, 0.537418, -0.747676 )
( 0.328797, 0.542176, -0.755793 )
( 0.382587, 0.543605, -0.762686 )
( 0.558293, 0.550930, -0.785617 )
( 0.793417, 0.546769, -0.819271 )
( 0.915011, 0.543992, -0.837791 )
( 1.174263, 0.539932, -0.875645 )
( 1.366633, 0.538482, -0.904194 )
( 1.750132, 0.539864, -0.962852 )
( 1.777705, 0.533623, -0.964756 )
( 1.801984, 0.519141, -0.966661 )
( 1.819802, 0.499061, -0.967251 )
( 1.834339, 0.450000, -0.967212 )
( 1.819812, 0.400957, -0.967176 )
( 1.785318, 0.378741, -0.967510 )
( 1.739823, 0.360058, -0.966455 )
( 1.397581, 0.417362, -0.889742 )
( 1.050594, 0.475957, -0.813787 )
( 0.811943, 0.516117, -0.761835 )
( 0.642812, 0.534770, -0.733708 )
( 0.584440, 0.541038, -0.727902 )
( 0.526019, 0.547240, -0.722625 )
( 0.467976, 0.551200, -0.722851 )
( 0.411439, 0.554563, -0.723544 )
( 0.201755, 0.557103, -0.726746 )
( 0.143561, 0.555655, -0.727938 )
( 0.085706, 0.552173, -0.724033 )
( 0.050815, 0.550253, -0.721748 )
( -0.009160, 0.546110, -0.718492 )
( -0.069430, 0.537174, -0.714763 )
( -0.130025, 0.528175, -0.711909 )
( -0.191402, 0.517777, -0.714200 )
( -0.251553, 0.507639, -0.716289 )
( -0.311035, 0.510515, -0.720152 )
( -0.370521, 0.513364, -0.724003 )
( -0.425041, 0.517782, -0.728066 )
( -0.482330, 0.522742, -0.733021 )
( -0.539926, 0.528273, -0.737922 )
( -0.622777, 0.531887, -0.726309 )
( -0.734528, 0.553290, -0.720267 )
( -0.791956, 0.564119, -0.717177 )
( -0.849755, 0.572282, -0.719946 )
( -0.926568, 0.583281, -0.723645 )
( -1.216084, 0.625855, -0.679739 )
( -1.344056, 0.645103, -0.681329 )
( -1.516776, 0.667184, -0.674592 )
( -1.708994, 0.741171, -0.635787 )
( -1.732685, 0.762477, -0.625399 )
( -1.787344, 0.816027, -0.602225 )
( -1.819796, 0.850931, -0.599497 )
( -1.834339, 0.900000, -0.599715 )
( -1.819797, 0.949068, -0.599931 )
( -1.801101, 0.969869, -0.599351 )
( -1.776925, 0.983931, -0.598770 )
( -1.750499, 0.989839, -0.596888 )
( -1.478466, 0.947085, -0.574377 )
( -1.422493, 0.934407, -0.577509 )
( -1.099735, 0.808466, -0.714773 )
( -1.003578, 0.787175, -0.703736 )
( -0.829083, 0.715610, -0.680255 )
( -0.597781, 0.639862, -0.690767 )
( -0.539513, 0.623135, -0.696141 )
( -0.426097, 0.584704, -0.702897 )
( -0.365440, 0.568615, -0.708343 )
( -0.308024, 0.555750, -0.717059 )
( -0.192630, 0.539069, -0.733114 )
( -0.104170, 0.527095, -0.744524 )
( -0.052415, 0.514719, -0.749485 )
( 0.081661, 0.513769, -0.757057 )
( 0.199518, 0.519290, -0.752788 )
( 0.266556, 0.522115, -0.749719 )
( 0.325811, 0.524844, -0.746696 )
( 0.383737, 0.536016, -0.743079 )
( 0.440465, 0.549248, -0.738991 )
( 0.496586, 0.565299, -0.734428 )
( 0.679033, 0.619239, -0.717930 )
( 0.801176, 0.654960, -0.700017 )
( 0.893218, 0.688487, -0.679896 )
( 1.040955, 0.749428, -0.678540 )
( 1.133530, 0.769987, -0.685852 )
( 1.220787, 0.803559, -0.658366 )
( 1.314554, 0.837611, -0.637909 )
( 1.399104, 0.869467, -0.635467 )
( 1.523057, 0.917009, -0.613018 )
( 1.733598, 0.989417, -0.606204 )
( 1.769871, 0.986342, -0.607441 )
( 1.801963, 0.969159, -0.608677 )
( 1.819796, 0.949070, -0.609471 )
( 1.834339, 0.900000, -0.609588 )
( 1.819798, 0.850934, -0.609700 )
( 1.793513, 0.824592, -0.608706 )
( 1.677311, 0.754331, -0.633517 )
( 1.649607, 0.744368, -0.638706 )
( 1.444343, 0.675333, -0.680856 )
( 1.324153, 0.658426, -0.692114 )
( 1.154443, 0.634697, -0.699970 )
( 0.873046, 0.593941, -0.739729 )
( 0.671481, 0.553536, -0.738972 )
( 0.609803, 0.550827, -0.742710 )
( 0.551145, 0.545087, -0.739342 )
( 0.506587, 0.541286, -0.735749 )
( 0.449256, 0.534626, -0.727386 )
( 0.392736, 0.528066, -0.719138 )
( 0.330785, 0.519899, -0.709402 )
( 0.268748, 0.515127, -0.709484 )
( 0.208330, 0.506195, -0.708895 )
( 0.100354, 0.494324, -0.718369 )
( 0.042054, 0.488461, -0.723492 )
( -0.016109, 0.487190, -0.730952 )
( -0.074839, 0.494104, -0.732974 )
( -0.212197, 0.510029, -0.735081 )
( -0.269589, 0.516557, -0.733326 )
( -0.301619, 0.520178, -0.732368 )
( -0.360940, 0.526748, -0.730576 )
( -0.420330, 0.533607, -0.728250 )
( -0.479894, 0.538612, -0.725391 )
( -0.537832, 0.536869, -0.719210 )
( -0.590290, 0.531615, -0.715411 )
( -0.648862, 0.525172, -0.711360 )
( -0.721618, 0.516829, -0.706424 )
( -0.986207, 0.470267, -0.713081 )
( -1.374222, 0.409809, -0.726481 )
( -1.741355, 0.359994, -0.741662 )
( -1.766588, 0.368966, -0.741345 )
( -1.819799, 0.400936, -0.741474 )
( -1.834339, 0.450000, -0.741679 )
( -1.819800, 0.499063, -0.741881 )
( -1.801937, 0.519181, -0.742524 )
( -1.779066, 0.533066, -0.743069 )
( -1.753125, 0.539619, -0.743614 )
( -1.384045, 0.545506, -0.739906 )
( -1.104985, 0.555105, -0.740784 )
( -1.022596, 0.553417, -0.739254 )
( -0.861819, 0.561600, -0.733272 )
( -0.808609, 0.563560, -0.734022 )
( -0.750253, 0.565705, -0.733661 )
( -0.652831, 0.569149, -0.732876 )
( -0.532801, 0.576640, -0.731628 )
( -0.424119, 0.580075, -0.722939 )
( -0.369710, 0.581566, -0.718361 )
( -0.234421, 0.584816, -0.705742 )
( -0.168077, 0.585906, -0.699354 )
( -0.048775, 0.580189, -0.698746 )
( 0.015592, 0.573529, -0.703113 )
( 0.072806, 0.560696, -0.709422 )
( 0.129657, 0.549833, -0.714020 )
( 0.173544, 0.541390, -0.717625 )
( 0.232187, 0.532107, -0.720692 )
( 0.270171, 0.526023, -0.722762 )
( 0.327719, 0.518312, -0.725675 )
( 0.386416, 0.512597, -0.722254 )
( 0.478668, 0.509532, -0.725246 )
( 0.561133, 0.524492, -0.720015 )
( 0.609329, 0.536572, -0.713085 )
( 0.772673, 0.596535, -0.684270 )
( 0.895115, 0.645227, -0.685373 )
( 0.948189, 0.662574, -0.687461 )
( 1.145834, 0.746421, -0.692780 )
( 1.229020, 0.781360, -0.695024 )
( 1.312688, 0.820850, -0.697874 )
( 1.725756, 0.988127, -0.712841 )
( 1.752877, 0.989643, -0.713386 )
( 1.779081, 0.983060, -0.712113 )
( 1.801947, 0.969173, -0.711316 )
( 1.819794, 0.949074, -0.711239 )
( 1.834339, 0.900000, -0.712656 )
( 1.819795, 0.850929, -0.714077 )
( 1.799357, 0.828749, -0.714480 )
( 1.772743, 0.814561, -0.714687 )
( 1.689577, 0.794633, -0.675838 )
( 1.668496, 0.778078, -0.652294 )
( 1.651047, 0.755854, -0.624537 )
( 1.630594, 0.729872, -0.592523 )
( 1.806052, 0.516341, -0.521260 )
( 1.819794, 0.499074, -0.520149 )
( 1.834339, 0.450000, -0.518976 )
( 1.819800, 0.400937, -0.517797 )
( 1.802021, 0.380890, -0.519008 )
( 1.779135, 0.366963, -0.521681 )
( 1.631029, 0.341766, -0.539583 )
( 1.239906, 0.384612, -0.594633 )
( 1.183515, 0.386281, -0.600842 )
( 1.015814, 0.411394, -0.635892 )
( 0.847351, 0.427879, -0.659966 )