-1.130128
0.445714
-2.030128
( 0.634493, 0.862436, -0.698039 )
( 0.321361, 0.892066, -0.722602 )
( 0.260359, 0.899870, -0.726631 )
( 0.200723, 0.906273, -0.723869 )
( 0.141073, 0.908987, -0.716483 )
( 0.081929, 0.912001, -0.713564 )
( -0.056557, 0.916504, -0.707814 )
( -0.115977, 0.918480, -0.705138 )
( -0.154172, 0.919779, -0.703324 )
( -0.181330, 0.927600, -0.716666 )
( -0.230298, 0.918585, -0.736487 )
( -0.302922, 0.893728, -0.736670 )
( -0.323784, 0.884253, -0.732866 )
( -0.361750, 0.877639, -0.706081 )
( -0.404884, 0.866750, -0.678047 )
( -0.461250, 0.862336, -0.674242 )
( -0.640663, 0.850317, -0.662130 )
( -0.699033, 0.848161, -0.660711 )
( -0.757405, 0.844581, -0.657540 )
( -0.818202, 0.842387, -0.661535 )
( -0.852051, 0.839350, -0.663657 )
( -0.906747, 0.826930, -0.664292 )
( -1.753397, 0.631551, -0.644788 )
( -2.011750, 0.584699, -0.632215 )
( -2.038667, 0.583209, -0.631784 )
( -2.064825, 0.589756, -0.629521 )
( -2.087740, 0.603643, -0.626267 )
( -2.105648, 0.623803, -0.624642 )
( -2.120181, 0.672857, -0.622876 )
( -2.105615, 0.721962, -0.621113 )
( -2.084904, 0.744336, -0.620589 )
( -2.057915, 0.758516, -0.620315 )
( -1.609047, 0.917936, -0.698092 )
( -1.596556, 0.934843, -0.690936 )
( -1.576652, 0.957992, -0.683825 )
( -1.554970, 0.956445, -0.707979 )
( -1.564813, 0.942010, -0.728978 )
( -1.589860, 0.937014, -0.712223 )
( -1.606126, 0.954664, -0.686705 )
( -1.622288, 1.009914, -0.625679 )
( -1.568795, 1.093070, -0.622589 )
( -1.441030, 1.236688, -0.652986 )
( -1.319448, 1.303146, -0.714456 )
( -1.294837, 1.303484, -0.726776 )
( -1.248930, 1.303386, -0.750545 )
( -1.199562, 1.297685, -0.775829 )
( -1.148662, 1.273248, -0.770358 )
( -1.099329, 1.249812, -0.763778 )
( -0.956126, 1.149309, -0.736172 )
( -0.799494, 1.029611, -0.698506 )
( -0.637017, 0.925072, -0.669564 )
( -0.579074, 0.906014, -0.672864 )
( -0.531755, 0.890460, -0.675539 )
( -0.478727, 0.877495, -0.684389 )
( -0.424611, 0.865477, -0.693963 )
( -0.358780, 0.858790, -0.709021 )
( -0.305176, 0.867653, -0.718108 )
( -0.205538, 0.883401, -0.735452 )
( -0.147072, 0.906804, -0.738580 )
( -0.098259, 0.932246, -0.738646 )
( 0.002451, 0.993326, -0.737455 )
( 0.105651, 1.046780, -0.740513 )
( 0.215323, 1.098343, -0.745102 )
( 0.312053, 1.148884, -0.748175 )
( 0.418040, 1.191687, -0.746991 )
( 0.478937, 1.209803, -0.750927 )
( 0.534508, 1.226384, -0.754537 )
( 0.589195, 1.236547, -0.762434 )
( 0.647860, 1.242905, -0.770224 )
( 0.706676, 1.248768, -0.778357 )
( 0.754149, 1.253376, -0.785219 )
( 0.812980, 1.250646, -0.793252 )
( 0.871853, 1.247642, -0.801341 )
( 1.044838, 1.235324, -0.822229 )
( 1.265293, 1.205790, -0.863988 )
( 1.338692, 1.192308, -0.895839 )
( 1.699154, 1.086580, -0.809146 )
( 1.718777, 1.073901, -0.778683 )
( 1.734202, 1.062408, -0.743847 )
( 1.714223, 1.057048, -0.724011 )
( 1.399272, 0.957629, -0.711779 )
( 0.928749, 0.833540, -0.685558 )
( 0.874329, 0.825822, -0.686010 )
( 0.824221, 0.827833, -0.704404 )
( 0.783674, 0.837608, -0.707777 )
( 0.727885, 0.850908, -0.712466 )
( 0.658906, 0.876123, -0.722338 )
( 0.529263, 0.910662, -0.710317 )
( 0.482179, 0.924941, -0.706414 )
( 0.434510, 0.935714, -0.696701 )
( 0.383706, 0.942084, -0.693035 )
( 0.157201, 0.944796, -0.704198 )
( 0.099436, 0.944809, -0.706217 )
( 0.042246, 0.943257, -0.709314 )
( -0.059102, 0.930675, -0.715751 )
( -0.117688, 0.923514, -0.719277 )
( -0.175830, 0.914832, -0.722779 )
( -0.234083, 0.905864, -0.723830 )
( -0.292427, 0.898120, -0.722022 )
( -0.340916, 0.892802, -0.720389 )
( -0.390723, 0.891036, -0.715102 )
( -0.538253, 0.889133, -0.706834 )
( -0.596359, 0.888043, -0.704248 )
( -1.202858, 0.864984, -0.692348 )
( -1.556410, 0.941275, -0.704198 )
( -1.587819, 0.953468, -0.706245 )
( -1.618778, 0.969774, -0.707787 )
( -1.881615, 1.168982, -0.750550 )
( -2.087961, 1.276685, -0.784704 )
( -2.105758, 1.296829, -0.783702 )
( -2.120181, 1.345714, -0.782606 )
( -2.105660, 1.394750, -0.781520 )
( -2.087878, 1.414812, -0.781135 )
( -2.059114, 1.430975, -0.781071 )
( -2.026458, 1.435693, -0.781008 )
( -1.298143, 1.297428, -0.753055 )
( -1.245216, 1.287098, -0.752554 )
( -1.149515, 1.269892, -0.751698 )
( -1.092414, 1.261308, -0.752503 )
( -0.779199, 1.219009, -0.755884 )
( -0.723032, 1.210994, -0.756712 )
( -0.663541, 1.203679, -0.757359 )
( -0.603862, 1.200189, -0.758008 )
( -0.544115, 1.196914, -0.758322 )
( 0.485991, 1.222518, -0.773062 )
( 0.546476, 1.225096, -0.775165 )
( 0.576863, 1.226378, -0.776270 )
( 0.638417, 1.228336, -0.777996 )
( 0.676209, 1.229816, -0.778947 )
( 0.774005, 1.233645, -0.781281 )
( 0.835406, 1.236169, -0.782616 )
( 1.143835, 1.249319, -0.788135 )
( 1.190280, 1.251803, -0.789124 )
( 1.241613, 1.256335, -0.790759 )
( 1.312998, 1.262868, -0.792438 )
( 1.362405, 1.274622, -0.792991 )
( 2.001052, 1.430945, -0.797258 )
( 2.027344, 1.435725, -0.795321 )
( 2.059508, 1.430840, -0.795018 )
( 2.087837, 1.414847, -0.794715 )
( 2.105651, 1.394764, -0.794864 )
( 2.120181, 1.345714, -0.794854 )
( 2.105638, 1.296645, -0.794844 )
( 2.084516, 1.273940, -0.797561 )
( 2.056946, 1.259747, -0.799667 )
( 1.736459, 1.104182, -0.768127 )
( 1.708663, 1.090335, -0.771210 )
( 1.677150, 1.084427, -0.773843 )
( 1.100756, 1.019487, -0.767731 )
( 0.455130, 0.943324, -0.714353 )
( 0.400998, 0.927790, -0.707571 )
( 0.342830, 0.913816, -0.704626 )
( 0.283797, 0.903280, -0.704660 )
( 0.202770, 0.895916, -0.712026 )
( 0.144459, 0.893971, -0.718182 )
( 0.085658, 0.898752, -0.724939 )
( -0.074801, 0.915243, -0.747882 )
( -0.124208, 0.920214, -0.754960 )
( -0.178561, 0.920535, -0.752436 )
( -0.239461, 0.920910, -0.749613 )
( -0.295851, 0.918293, -0.738595 )
( -0.479424, 0.910224, -0.695714 )
( -0.533519, 0.891151, -0.690713 )
( -0.589328, 0.874153, -0.685059 )
( -0.673603, 0.848223, -0.676604 )
( -0.730241, 0.839082, -0.673779 )
( -0.813685, 0.825798, -0.669406 )
( -0.866826, 0.826589, -0.650363 )
( -0.923053, 0.833093, -0.648212 )
( -1.581066, 0.927716, -0.674203 )
( -1.612362, 0.934839, -0.679826 )
( -1.608736, 0.943011, -0.713498 )
( -1.582359, 0.954594, -0.724088 )
( -1.553110, 0.966185, -0.727396 )
( -1.180836, 1.095323, -0.786800 )
( -0.774305, 1.202870, -0.773124 )
( -0.720036, 1.216683, -0.771317 )
( -0.662559, 1.219515, -0.761410 )
( -0.607885, 1.215482, -0.752380 )
( -0.554005, 1.205293, -0.744251 )
( -0.503298, 1.185232, -0.735717 )
( 0.049429, 0.962657, -0.693380 )
( 0.101470, 0.941244, -0.690155 )
( 0.157171, 0.929494, -0.700869 )
( 0.217962, 0.916692, -0.712533 )
( 0.273613, 0.908511, -0.719449 )
( 0.324811, 0.903463, -0.720052 )
( 0.382583, 0.909033, -0.709187 )
( 0.425867, 0.913401, -0.701313 )
( 0.472880, 0.919158, -0.691227 )
( 0.518830, 0.935479, -0.694029 )
( 0.868673, 1.090963, -0.723528 )
( 1.149043, 1.223829, -0.785009 )
( 1.187774, 1.249053, -0.818768 )
( 1.265175, 1.272592, -0.802786 )
( 1.294363, 1.275278, -0.777564 )
( 1.332421, 1.258993, -0.772656 )
( 1.719679, 1.091165, -0.722397 )
( 1.725394, 1.085369, -0.755614 )
( 1.726263, 1.081933, -0.772682 )
( 1.710051, 1.092292, -0.796919 )
( 1.699764, 1.100199, -0.779012 )
( 1.695106, 1.102606, -0.771287 )
( 1.707275, 1.091282, -0.744679 )
( 1.718632, 1.057587, -0.749605 )
( 1.738043, 1.033743, -0.752625 )
( 2.084657, 0.744525, -0.699450 )
( 2.105632, 0.721936, -0.699259 )
( 2.120181, 0.672857, -0.699171 )
( 2.105645, 0.623798, -0.699079 )
( 2.087599, 0.603527, -0.700114 )
( 2.064677, 0.589694, -0.702367 )
( 2.038631, 0.583206, -0.703643 )
( 2.011798, 0.584688, -0.703404 )
( 1.676166, 0.664015, -0.705774 )
( 0.937149, 0.826414, -0.702604 )
( 0.876320, 0.835902, -0.700443 )
( 0.815408, 0.845237, -0.698654 )
( 0.777881, 0.849906, -0.697323 )
( 0.717879, 0.857029, -0.698383 )
( 0.654526, 0.861170, -0.697227 )