-1.345722
0.000000
-2.245722
( 0.190673, 0.242471, -0.028160 )
( 0.171673, 0.241355, -0.027701 )
( 0.111950, 0.242482, -0.032029 )
( 0.079787, 0.243485, -0.030688 )
( 0.021892, 0.244917, -0.035984 )
( -0.035680, 0.246972, -0.047275 )
( -0.087087, 0.262564, -0.055414 )
( -0.518834, 0.389555, -0.119575 )
( -0.810193, 0.464500, -0.133762 )
( -1.207877, 0.575842, -0.157040 )
( -1.586584, 0.700674, -0.177044 )
( -2.227267, 0.988142, -0.195124 )
( -2.254227, 0.989651, -0.196740 )
( -2.280226, 0.983181, -0.197772 )
( -2.303349, 0.969201, -0.198255 )
( -2.321234, 0.949067, -0.198604 )
( -2.335775, 0.900000, -0.198431 )
( -2.321231, 0.850930, -0.195251 )
( -2.256375, 0.716228, -0.114137 )
( -2.201083, 0.596378, -0.045058 )
( -2.187192, 0.561342, -0.023643 )
( -2.159601, 0.476314, 0.023843 )
( -2.147992, 0.362526, 0.069178 )
( -2.147154, 0.328870, 0.072934 )
( -2.147727, 0.000738, 0.046934 )
( -2.156565, -0.462677, 0.014542 )
( -2.222296, -0.618274, 0.007100 )
( -2.331146, -0.871497, -0.004383 )
( -2.335775, -0.900000, -0.004390 )
( -2.331144, -0.928507, -0.004390 )
( -2.318992, -0.952357, -0.005928 )
( -2.299990, -0.971865, -0.008065 )
( -2.275320, -0.985051, -0.009603 )
( -2.247923, -0.990027, -0.010287 )
( -2.220395, -0.986419, -0.010189 )
( -2.196072, -0.975130, -0.009759 )
( -1.940607, -0.802158, 0.008776 )
( -1.101711, -0.245970, 0.039060 )
( -0.631066, 0.059830, 0.007385 )
( -0.590241, 0.086696, 0.004778 )
( -0.543051, 0.105303, -0.009102 )
( -0.486380, 0.127567, -0.025747 )
( -0.446955, 0.143477, -0.027524 )
( -0.231629, 0.230214, -0.033267 )
( -0.181875, 0.236385, -0.034496 )
( -0.124919, 0.244387, -0.035558 )
( -0.064625, 0.253923, -0.034653 )
( -0.011477, 0.261280, -0.035994 )
( 0.040030, 0.258018, -0.046259 )
( 0.133244, 0.227297, -0.045891 )
( 0.183811, 0.215214, -0.040482 )
( 0.210141, 0.212208, -0.040234 )
( 0.204642, 0.226077, -0.055120 )
( 0.233388, 0.229510, -0.038471 )
( 0.289881, 0.228885, -0.033014 )
( 0.347015, 0.234098, -0.029980 )
( 0.692273, 0.280310, -0.001490 )
( 0.954742, 0.330359, 0.013129 )
( 1.009988, 0.343420, 0.016405 )
( 1.683606, 0.462253, 0.056168 )
( 2.250386, 0.539933, 0.084018 )
( 2.276948, 0.534466, 0.084916 )
( 2.301943, 0.520348, 0.085135 )
( 2.321225, 0.499081, 0.085354 )
( 2.335775, 0.450000, 0.085276 )
( 2.321233, 0.400931, 0.085197 )
( 2.303420, 0.380859, 0.085150 )
( 2.280476, 0.366923, 0.084427 )
( 2.179260, 0.338871, 0.048921 )
( 2.150649, 0.330777, 0.040733 )
( 1.618510, 0.230653, 0.008253 )
( 1.088506, 0.125913, -0.013656 )
( 0.686465, 0.079331, -0.017929 )
( 0.638124, 0.078311, -0.016374 )
( 0.519260, 0.070277, -0.015745 )
( 0.462463, 0.066789, -0.015513 )
( 0.405256, 0.058588, -0.018835 )
( 0.079997, 0.007266, -0.038480 )
( 0.022281, -0.002533, -0.040285 )
( -0.034683, -0.027852, -0.045221 )
( -0.092557, -0.036763, -0.032056 )
( -0.136194, -0.028270, -0.014498 )
( -0.289298, 0.044762, -0.012936 )
( -0.341091, 0.069974, -0.012480 )
( -0.454639, 0.124763, -0.012089 )
( -0.494197, 0.143974, -0.012093 )
( -0.846620, 0.312425, 0.002118 )
( -1.594812, 0.675272, 0.036502 )
( -1.956467, 0.853393, 0.056266 )
( -2.226991, 0.988084, 0.070479 )
( -2.254317, 0.989643, 0.071311 )
( -2.280317, 0.983144, 0.071827 )
( -2.303303, 0.969239, 0.071854 )
( -2.321240, 0.949058, 0.071258 )
( -2.335775, 0.900000, 0.068436 )
( -2.321230, 0.850928, 0.064841 )
( -2.217524, 0.590512, -0.019061 )
( -2.199067, 0.552577, -0.031417 )
( -2.164743, 0.489394, -0.052399 )
( -2.156812, 0.464307, -0.060044 )
( -2.151338, 0.000495, -0.121589 )
( -2.156142, -0.459224, -0.182801 )
( -2.321231, -0.850928, -0.205482 )
( -2.335775, -0.900000, -0.205199 )
( -2.321236, -0.949063, -0.204855 )
( -2.303444, -0.969122, -0.204788 )
( -2.279960, -0.983291, -0.203818 )
( -2.253946, -0.989677, -0.201801 )
( -2.227049, -0.988096, -0.199151 )
( -2.201691, -0.978555, -0.196585 )
( -1.881671, -0.831010, -0.174074 )
( -1.193278, -0.529972, -0.131907 )
( -0.455130, -0.214946, -0.086429 )
( -0.126883, -0.039805, -0.044076 )
( -0.090681, -0.020972, -0.038505 )
( -0.032809, -0.014055, -0.034217 )
( 0.010411, -0.007900, -0.031294 )
( 0.084494, -0.003451, -0.030866 )
( 0.170802, -0.018972, -0.040574 )
( 0.222242, -0.030046, -0.047194 )
( 0.553691, -0.188262, -0.093070 )
( 1.116746, -0.449455, -0.125319 )
( 1.495046, -0.628530, -0.147295 )
( 1.857978, -0.805088, -0.169685 )
( 2.202189, -0.978833, -0.192422 )
( 2.227326, -0.988155, -0.194970 )
( 2.254189, -0.989655, -0.197655 )
( 2.280163, -0.983207, -0.200099 )
( 2.303362, -0.969190, -0.201751 )
( 2.321235, -0.949065, -0.202262 )
( 2.335775, -0.900000, -0.202626 )
( 2.321230, -0.850928, -0.202742 )
( 2.156558, -0.462624, -0.171380 )
( 2.156121, -0.260523, -0.143820 )
( 2.155668, 0.000034, -0.108275 )
( 2.156430, 0.461684, -0.044978 )
( 2.165303, 0.490526, -0.035806 )
( 2.191035, 0.544057, -0.022694 )
( 2.215339, 0.579997, -0.008650 )
( 2.321238, 0.850940, 0.089125 )
( 2.335775, 0.900000, 0.088118 )
( 2.321240, 0.949058, 0.086211 )
( 2.303324, 0.969221, 0.084857 )
( 2.280371, 0.983121, 0.083870 )
( 2.254316, 0.989643, 0.082901 )
( 2.227257, 0.988140, 0.081848 )
( 1.972880, 0.856772, 0.068599 )
( 1.597953, 0.664123, 0.048071 )
( 0.987795, 0.346462, 0.001591 )
( 0.937414, 0.319588, -0.002645 )
( 0.612228, 0.141908, -0.028151 )
( 0.574252, 0.121071, -0.029786 )
( 0.471934, 0.069113, -0.030815 )
( 0.419391, 0.045490, -0.030594 )
( 0.242987, -0.034457, -0.027993 )
( 0.197148, -0.038561, -0.037216 )
( 0.143333, -0.028808, -0.044145 )
( 0.081645, -0.017626, -0.052287 )
( 0.028771, -0.008056, -0.059464 )
( -0.003165, 0.002191, -0.053881 )
( -0.277291, 0.056133, -0.005408 )
( -0.332378, 0.066885, 0.003602 )
( -0.388977, 0.069339, 0.001103 )
( -0.569412, 0.078890, -0.007381 )
( -0.622841, 0.082027, -0.010522 )
( -1.271894, 0.178636, -0.006336 )
( -1.619102, 0.241730, 0.023895 )
( -2.143243, 0.337792, 0.058371 )
( -2.173953, 0.344007, 0.063954 )
( -2.280452, 0.366913, 0.092217 )
( -2.303390, 0.380833, 0.093000 )
( -2.321219, 0.400910, 0.093201 )
( -2.335775, 0.450000, 0.093397 )
( -2.321179, 0.499152, 0.093587 )
( -2.302166, 0.520169, 0.093117 )
( -2.277564, 0.534236, 0.092646 )
( -2.251066, 0.539895, 0.091304 )
( -1.808149, 0.473868, 0.078822 )
( -1.486863, 0.423746, 0.068905 )
( -0.878328, 0.327121, 0.033402 )
( -0.240011, 0.241964, -0.013559 )
( -0.181182, 0.233825, -0.018486 )
( -0.122960, 0.232502, -0.026572 )
( -0.037181, 0.230592, -0.038363 )
( 0.018621, 0.232544, -0.047552 )
( 0.047870, 0.233186, -0.052614 )
( 0.102493, 0.235965, -0.061521 )
( 0.154793, 0.244405, -0.064255 )
( 0.186429, 0.249884, -0.066401 )
( 0.220757, 0.256515, -0.055435 )
( 0.272380, 0.244878, -0.054888 )
( 0.319022, 0.227694, -0.054193 )
( 0.555427, 0.140416, -0.049265 )
( 0.592151, 0.124719, -0.043591 )
( 0.624414, 0.106423, -0.024485 )
( 0.658358, 0.086957, -0.004421 )
( 0.687430, 0.071163, -0.000300 )
( 0.863393, -0.041087, 0.023545 )
( 1.693639, -0.612416, 0.005892 )
( 1.954152, -0.799345, -0.000287 )
( 2.191234, -0.971699, -0.005750 )
( 2.222131, -0.986909, -0.006262 )
( 2.249524, -0.989973, -0.006237 )
( 2.276212, -0.984735, -0.005764 )
( 2.299803, -0.972006, -0.004659 )
( 2.318954, -0.952409, -0.003014 )
( 2.331145, -0.928504, -0.001764 )
( 2.335775, -0.900000, -0.001763 )
( 2.331139, -0.871477, -0.001752 )
( 2.248056, -0.681134, -0.006989 )
( 2.157494, -0.468039, -0.009859 )
( 2.155668, -0.000021, 0.038326 )
( 2.155348, 0.300337, 0.061366 )
( 2.153714, 0.335695, 0.056449 )
( 2.155675, 0.366509, 0.049347 )
( 2.155725, 0.453170, 0.020548 )
( 2.161302, 0.479220, 0.010786 )
( 2.171416, 0.532594, -0.007697 )
( 2.187116, 0.568847, -0.026056 )
( 2.263036, 0.730020, -0.118896 )
( 2.321232, 0.850932, -0.187103 )
( 2.335775, 0.900000, -0.189805 )
( 2.321238, 0.949060, -0.190167 )
( 2.303471, 0.969099, -0.190160 )
( 2.280531, 0.983054, -0.189752 )
( 2.254420, 0.989633, -0.189094 )
( 2.227689, 0.988230, -0.187244 )
( 1.550733, 0.714466, -0.159892 )
( 1.172598, 0.560720, -0.135327 )
( 0.788966, 0.417478, -0.104981 )
( 0.316344, 0.249463, -0.080684 )
( 0.258405, 0.240033, -0.068443 )
( 0.201387, 0.239847, -0.046038 )