-0.912857
0.000000
-1.812857
( 0.383006, 0.823933, -0.031002 )
( -0.426274, 0.816423, -0.025519 )
( -0.486442, 0.816527, -0.024754 )
( -0.517859, 0.817001, -0.024436 )
( -0.574111, 0.811907, -0.036907 )
( -0.640382, 0.817379, -0.042042 )
( -0.700468, 0.822457, -0.046762 )
( -0.730653, 0.825402, -0.049236 )
( -0.760824, 0.828623, -0.051863 )
( -0.819665, 0.833603, -0.056283 )
( -0.876624, 0.840644, -0.059637 )
( -0.936237, 0.847781, -0.061140 )
( -1.810916, 0.990033, -0.095578 )
( -1.842478, 0.985043, -0.095448 )
( -1.870311, 0.969345, -0.095319 )
( -1.888354, 0.949090, -0.095092 )
( -1.902910, 0.900000, -0.093972 )
( -1.888350, 0.850904, -0.092853 )
( -1.869903, 0.830319, -0.092462 )
( -1.841754, 0.814709, -0.091948 )
( -1.809914, 0.809994, -0.091434 )
( -1.639487, 0.815464, -0.079854 )
( -0.914097, 0.841060, -0.044853 )
( -0.854129, 0.843714, -0.043280 )
( -0.769478, 0.843289, -0.046092 )
( -0.718787, 0.839953, -0.046769 )
( -0.658385, 0.834103, -0.046189 )
( -0.598094, 0.827581, -0.044846 )
( -0.544216, 0.821693, -0.043649 )
( -0.485497, 0.814070, -0.040310 )
( -0.425844, 0.806349, -0.036903 )
( -0.043357, 0.761940, -0.009369 )
( 0.013931, 0.754960, -0.005091 )
( 0.758319, 0.662235, 0.047309 )
( 1.224380, 0.607121, 0.067514 )
( 1.846685, 0.533459, 0.105686 )
( 1.870127, 0.519497, 0.105902 )
( 1.888360, 0.499081, 0.105908 )
( 1.902910, 0.450000, 0.105945 )
( 1.888368, 0.400932, 0.105985 )
( 1.869249, 0.379789, 0.106063 )
( 1.834525, 0.362592, 0.103446 )
( 1.178159, 0.291235, 0.085040 )
( 0.493680, 0.168613, 0.046218 )
( 0.438650, 0.155325, 0.040970 )
( 0.386913, 0.130486, 0.035193 )
( 0.117087, 0.004990, 0.006948 )
( 0.067629, -0.017846, 0.004634 )
( 0.010138, -0.026057, 0.012119 )
( -0.031927, -0.015112, 0.024294 )
( -0.078169, 0.004219, 0.028775 )
( -0.276881, 0.093580, 0.043763 )
( -0.327124, 0.116338, 0.043887 )
( -0.379594, 0.141860, 0.044373 )
( -0.431815, 0.167286, 0.044751 )
( -0.873979, 0.423877, 0.057877 )
( -1.181568, 0.609899, 0.059731 )
( -1.222740, 0.634660, 0.061843 )
( -1.580019, 0.857020, 0.078535 )
( -1.763565, 0.975366, 0.085449 )
( -1.802687, 0.989477, 0.090381 )
( -1.843977, 0.984505, 0.095313 )
( -1.867611, 0.971496, 0.099541 )
( -1.886158, 0.952312, 0.104595 )
( -1.898285, 0.928490, 0.108619 )
( -1.902911, 0.900000, 0.108665 )
( -1.898273, 0.871474, 0.108623 )
( -1.724390, 0.466830, 0.035352 )
( -1.725280, 0.210619, 0.016074 )
( -1.722804, -0.000389, -0.002863 )
( -1.726220, -0.474571, -0.049005 )
( -1.888365, -0.850927, -0.103545 )
( -1.902910, -0.900000, -0.104462 )
( -1.888386, -0.949042, -0.105235 )
( -1.870423, -0.969252, -0.105051 )
( -1.847382, -0.983173, -0.105162 )
( -1.821436, -0.989644, -0.106681 )
( -1.794726, -0.988210, -0.108074 )
( -1.769485, -0.978921, -0.107737 )
( -1.366910, -0.763691, -0.088486 )
( -0.498692, -0.230179, -0.040712 )
( -0.107268, -0.017461, -0.002150 )
( -0.053213, -0.005250, 0.011517 )
( -0.011016, -0.006314, 0.014237 )
( 0.046559, -0.011201, 0.017091 )
( 0.118887, -0.019660, 0.018012 )
( 0.174451, -0.025464, 0.018236 )
( 0.684219, -0.291191, -0.011143 )
( 1.312416, -0.697966, -0.060968 )
( 1.768802, -0.978542, -0.096549 )
( 1.794114, -0.988081, -0.098410 )
( 1.820873, -0.989696, -0.099041 )
( 1.847137, -0.983274, -0.099301 )
( 1.870318, -0.969339, -0.099253 )
( 1.888374, -0.949059, -0.099850 )
( 1.902910, -0.900000, -0.100735 )
( 1.888354, -0.850911, -0.101027 )
( 1.725600, -0.472266, -0.050307 )
( 1.716222, -0.197530, -0.020787 )
( 1.722847, 0.447208, 0.043036 )
( 1.726717, 0.476258, 0.046454 )
( 1.845115, 0.746733, 0.092087 )
( 1.898272, 0.871471, 0.112910 )
( 1.902911, 0.900000, 0.112978 )
( 1.898284, 0.928494, 0.112956 )
( 1.870752, 0.968976, 0.103811 )
( 1.827763, 0.988811, 0.095040 )
( 1.799951, 0.989124, 0.088476 )
( 1.773508, 0.981002, 0.085431 )
( 1.218066, 0.625527, 0.046798 )
( 0.967039, 0.475433, 0.035781 )
( 0.490181, 0.182808, 0.024128 )
( 0.442113, 0.152479, 0.023508 )
( 0.393913, 0.121568, 0.025610 )
( 0.171349, -0.021478, 0.032027 )
( 0.133450, -0.045960, 0.033288 )
( 0.050345, -0.046135, 0.015056 )
( -0.010713, -0.027558, -0.007460 )
( -0.044499, -0.003681, -0.004200 )
( -0.093487, 0.023134, 0.004326 )
( -0.275819, 0.109665, 0.036924 )
( -0.329353, 0.134673, 0.045089 )
( -0.386911, 0.154307, 0.057599 )
( -0.443185, 0.165579, 0.061433 )
( -1.186238, 0.274747, 0.103136 )
( -1.597169, 0.330305, 0.111434 )
( -1.811146, 0.359963, 0.113663 )
( -1.852375, 0.369081, 0.113172 )
( -1.888368, 0.400932, 0.113353 )
( -1.902910, 0.450000, 0.113956 )
( -1.888363, 0.499077, 0.114558 )
( -1.869964, 0.519631, 0.114610 )
( -1.846659, 0.533469, 0.114065 )
( -1.231866, 0.607219, 0.077263 )
( -1.183030, 0.612236, 0.074029 )
( -0.787276, 0.657355, 0.043056 )
( -0.070138, 0.745822, -0.016768 )
( -0.012638, 0.751091, -0.020637 )
( 0.410888, 0.802691, -0.047711 )
( 0.497570, 0.816806, -0.050660 )
( 0.556970, 0.826135, -0.050785 )
( 0.616605, 0.834437, -0.049868 )
( 0.676377, 0.840334, -0.049416 )
( 0.735780, 0.846265, -0.048916 )
( 0.774840, 0.849689, -0.048192 )
( 0.835231, 0.852751, -0.048073 )
( 0.895714, 0.855794, -0.048021 )
( 0.956080, 0.856393, -0.047354 )
( 1.015010, 0.852722, -0.049120 )
( 1.315092, 0.833144, -0.058070 )
( 1.811123, 0.809963, -0.087879 )
( 1.842403, 0.814931, -0.088104 )
( 1.870028, 0.830422, -0.088329 )
( 1.888362, 0.850922, -0.088408 )
( 1.902910, 0.900000, -0.087995 )
( 1.888365, 0.949073, -0.087582 )
( 1.869919, 0.969668, -0.087452 )
( 1.842285, 0.985110, -0.087335 )
( 1.811014, 0.990035, -0.087218 )
( 1.016434, 0.860103, -0.063439 )
( 0.957378, 0.851424, -0.061969 )
( 0.897428, 0.845185, -0.057800 )
( 0.846426, 0.840307, -0.054426 )
( 0.786132, 0.834692, -0.050412 )
( 0.725713, 0.829747, -0.046397 )
( 0.665258, 0.826213, -0.042358 )
( 0.633271, 0.824520, -0.040144 )
( 0.572623, 0.822436, -0.037109 )
( 0.512113, 0.821945, -0.034617 )
( 0.403004, 0.823439, -0.031773 )