-0.840191
0.262857
-1.740191
( 0.121162, 0.349652, -0.239247 )
( 0.048269, 0.341807, -0.235909 )
( -0.011644, 0.343170, -0.241861 )
( -0.043621, 0.343955, -0.244766 )
( -0.102450, 0.349862, -0.260651 )
( -0.145500, 0.371181, -0.264277 )
( -0.538519, 0.566411, -0.307919 )
( -1.318524, 1.023188, -0.323638 )
( -1.710480, 1.247868, -0.335086 )
( -1.737002, 1.252854, -0.336177 )
( -1.769364, 1.248054, -0.336238 )
( -1.797876, 1.232009, -0.336298 )
( -1.815706, 1.211919, -0.336439 )
( -1.830244, 1.162857, -0.336972 )
( -1.815704, 1.113792, -0.337505 )
( -1.200678, 0.192572, -0.214595 )
( -1.198584, 0.161837, -0.205527 )
( -1.210618, 0.134750, -0.198952 )
( -1.608159, -0.713972, -0.118150 )
( -1.815703, -1.113790, -0.102580 )
( -1.830244, -1.162857, -0.101410 )
( -1.815719, -1.211899, -0.100239 )
( -1.797881, -1.232005, -0.099692 )
( -1.768508, -1.248343, -0.100026 )
( -1.735190, -1.252772, -0.100359 )
( -1.708607, -1.247191, -0.100934 )
( -1.684987, -1.234006, -0.101079 )
( -1.271211, -0.779996, -0.146487 )
( -0.539753, 0.007140, -0.222188 )
( -0.512766, 0.037652, -0.226308 )
( -0.456197, 0.106163, -0.232685 )
( -0.432469, 0.127299, -0.234518 )
( -0.251040, 0.287702, -0.241460 )
( -0.202258, 0.317912, -0.239220 )
( -0.152144, 0.348932, -0.236874 )
( -0.100623, 0.361450, -0.249902 )
( -0.045676, 0.358365, -0.254440 )
( 0.009393, 0.352417, -0.253420 )
( 0.045930, 0.348943, -0.252987 )
( 0.110938, 0.330806, -0.251182 )
( 0.166704, 0.326412, -0.238139 )
( 0.228846, 0.321161, -0.226762 )
( 0.277339, 0.320158, -0.219821 )
( 0.601988, 0.312785, -0.179025 )
( 0.647861, 0.311739, -0.173224 )
( 0.693968, 0.312091, -0.172522 )
( 1.228972, 0.239170, -0.192462 )
( 1.249092, 0.190284, -0.204584 )
( 1.247258, 0.138210, -0.220578 )
( 1.216602, 0.132952, -0.220838 )
( 0.581473, 0.023394, -0.227074 )
( 0.541708, 0.021852, -0.224698 )
( 0.295333, 0.011488, -0.211280 )
( 0.242310, 0.003405, -0.216564 )
( 0.027035, -0.037530, -0.244036 )
( -0.027127, -0.047519, -0.250778 )
( -0.084099, -0.073040, -0.260953 )
( -0.144185, -0.081859, -0.247086 )
( -0.176367, -0.066819, -0.245560 )
( -0.288121, -0.011680, -0.238200 )
( -0.333961, 0.022701, -0.238621 )
( -0.441637, 0.113757, -0.219487 )
( -0.464901, 0.132299, -0.213358 )
( -0.649070, 0.297763, -0.182468 )
( -0.684395, 0.330078, -0.176617 )
( -1.307973, 0.891383, -0.069577 )
( -1.686094, 1.234852, 0.006789 )
( -1.709660, 1.247577, 0.008921 )
( -1.736344, 1.252829, 0.010034 )
( -1.769047, 1.248162, 0.011030 )
( -1.797867, 1.232017, 0.012026 )
( -1.815705, 1.211921, 0.013161 )
( -1.830244, 1.162857, 0.015383 )
( -1.815703, 1.113792, 0.017394 )
( -1.651600, 0.597592, -0.084794 )
( -1.650147, 0.001335, -0.165969 )
( -1.651039, -0.594143, -0.253181 )
( -1.716085, -0.813169, -0.286193 )
( -1.830244, -1.162857, -0.344253 )
( -1.815702, -1.211926, -0.344606 )
( -1.797934, -1.231962, -0.344480 )
( -1.769303, -1.248075, -0.344295 )
( -1.736798, -1.252847, -0.344111 )
( -1.710408, -1.247843, -0.343073 )
( -1.686686, -1.235293, -0.341236 )
( -1.328409, -0.959563, -0.343695 )
( -0.889767, -0.593920, -0.328868 )
( -0.177640, -0.073436, -0.262923 )
( -0.120656, -0.064211, -0.250367 )
( -0.064721, -0.058275, -0.243562 )
( -0.003701, -0.051829, -0.236290 )
( 0.050568, -0.059771, -0.243824 )
( 0.084064, -0.064477, -0.249291 )
( 0.136010, -0.075649, -0.258646 )
( 0.506844, -0.276958, -0.287206 )
( 1.325670, -0.948608, -0.324906 )
( 1.686479, -1.235139, -0.335124 )
( 1.710185, -1.247765, -0.336846 )
( 1.736911, -1.252851, -0.337860 )
( 1.769283, -1.248082, -0.338167 )
( 1.797813, -1.232062, -0.338473 )
( 1.815703, -1.211925, -0.338801 )
( 1.830244, -1.162857, -0.339359 )
( 1.815699, -1.113785, -0.339845 )
( 1.651291, -0.595797, -0.277970 )
( 1.650139, -0.000503, -0.183219 )
( 1.650885, 0.293721, -0.134682 )
( 1.651658, 0.597906, -0.084498 )
( 1.815716, 1.113811, 0.026265 )
( 1.830244, 1.162857, 0.025356 )
( 1.815707, 1.211917, 0.024256 )
( 1.797957, 1.231942, 0.023714 )
( 1.769237, 1.248098, 0.023171 )
( 1.736627, 1.252840, 0.022628 )
( 1.710099, 1.247734, 0.021382 )
( 1.686233, 1.234956, 0.018902 )
( 1.314281, 0.906091, -0.070573 )
( 0.662712, 0.327917, -0.186295 )
( 0.627967, 0.296450, -0.191445 )
( 0.474320, 0.157880, -0.214921 )
( 0.450378, 0.138803, -0.216303 )
( 0.316173, 0.033077, -0.225262 )
( 0.274221, 0.001200, -0.227337 )
( 0.108826, -0.072365, -0.236110 )
( 0.061464, -0.077211, -0.246483 )
( -0.028925, -0.064298, -0.265651 )
( -0.080167, -0.048682, -0.273810 )
( -0.259911, -0.004478, -0.235269 )
( -0.311850, 0.008974, -0.224170 )
( -0.363215, 0.014165, -0.227843 )
( -0.483038, 0.025848, -0.236820 )
( -0.521966, 0.029515, -0.240153 )
( -1.186118, 0.150588, -0.239314 )
( -1.215640, 0.160636, -0.208136 )
( -1.201323, 0.205302, -0.189956 )
( -0.688656, 0.300927, -0.161502 )
( -0.640857, 0.299113, -0.168182 )
( -0.255021, 0.286785, -0.223288 )
( -0.200237, 0.299399, -0.233116 )
( -0.063157, 0.331130, -0.255820 )
( -0.011589, 0.341739, -0.265628 )
( 0.043535, 0.352663, -0.269114 )
( 0.118368, 0.371924, -0.262305 )
( 0.153600, 0.370386, -0.251772 )
( 0.158465, 0.369065, -0.248641 )
( 0.210707, 0.363449, -0.240633 )
( 0.235531, 0.340822, -0.239233 )
( 0.271645, 0.308647, -0.237357 )
( 0.454579, 0.155597, -0.229936 )
( 0.476034, 0.133434, -0.231507 )
( 0.546632, 0.029158, -0.211481 )
( 0.570237, -0.003889, -0.205774 )
( 1.096813, -0.619346, -0.176262 )
( 1.422792, -0.958181, -0.137541 )
( 1.686306, -1.235011, -0.106596 )
( 1.710527, -1.247885, -0.106037 )
( 1.737070, -1.252857, -0.105569 )
( 1.769327, -1.248067, -0.105268 )
( 1.797763, -1.232103, -0.104967 )
( 1.815705, -1.211920, -0.104511 )
( 1.830244, -1.162857, -0.103234 )
( 1.815703, -1.113791, -0.101980 )
( 1.637026, -0.759883, -0.131378 )
( 1.252789, 0.115729, -0.201241 )
( 1.240778, 0.145073, -0.204740 )
( 1.235597, 0.164689, -0.208652 )
( 1.240093, 0.194910, -0.216163 )
( 1.815704, 1.113791, -0.325808 )
( 1.830244, 1.162857, -0.326366 )
( 1.815703, 1.211925, -0.326927 )
( 1.797919, 1.231973, -0.327018 )
( 1.769305, 1.248075, -0.326844 )
( 1.736820, 1.252848, -0.326669 )
( 1.710494, 1.247873, -0.325495 )
( 1.343727, 1.034795, -0.311389 )
( 0.667621, 0.649257, -0.275825 )
( 0.183489, 0.365014, -0.258442 )
( 0.169049, 0.357860, -0.255947 )
( 0.140258, 0.350283, -0.245720 )