2.276122
0.000000
1.376122
( 0.286865, 0.958125, 0.024070 )
( -0.794736, 0.976179, 0.013901 )
( -1.374037, 0.990030, 0.004803 )
( -1.402401, 0.986134, 0.006165 )
( -1.428110, 0.973531, 0.007527 )
( -1.457565, 0.938427, 0.006804 )
( -1.466113, 0.903359, 0.007541 )
( -1.464594, 0.883197, 0.008133 )
( -1.446621, 0.843968, 0.009710 )
( -1.426527, 0.825375, 0.010859 )
( -1.390170, 0.811049, 0.013277 )
( -0.850662, 0.744578, 0.064166 )
( -0.034657, 0.682593, 0.108375 )
( 0.026079, 0.674555, 0.111087 )
( 0.742654, 0.620977, 0.149505 )
( 1.394008, 0.538260, 0.152525 )
( 1.430597, 0.521708, 0.151959 )
( 1.451255, 0.499645, 0.151888 )
( 1.463069, 0.473447, 0.151826 )
( 1.466029, 0.444862, 0.151764 )
( 1.458640, 0.413938, 0.151605 )
( 1.441362, 0.387925, 0.152133 )
( 1.416238, 0.369375, 0.152655 )
( 0.924052, 0.195402, 0.161643 )
( 0.022413, -0.204238, 0.118024 )
( -0.017722, -0.224613, 0.116502 )
( -0.888053, -0.607709, 0.067521 )
( -1.427935, -0.826345, -0.002986 )
( -1.447933, -0.845661, -0.006003 )
( -1.463615, -0.878679, -0.009749 )
( -1.465995, -0.905701, -0.011681 )
( -1.463749, -0.920764, -0.012394 )
( -1.450574, -0.950661, -0.012993 )
( -1.427600, -0.973890, -0.013592 )
( -1.381182, -0.989912, -0.013569 )
( -0.352365, -0.988866, -0.007368 )
( 0.732797, -0.996340, -0.001619 )
( 1.372315, -0.989973, 0.003233 )
( 1.405149, -0.985247, 0.003237 )
( 1.430739, -0.971600, 0.003279 )
( 1.453243, -0.946497, 0.002645 )
( 1.463685, -0.921033, 0.001712 )
( 1.465574, -0.889615, 0.001158 )
( 1.456537, -0.859465, 0.000604 )
( 1.439878, -0.836402, 0.000987 )
( 1.416856, -0.819685, 0.001369 )
( 0.944969, -0.616982, 0.050897 )
( -0.007353, -0.220807, 0.101019 )
( -0.047909, -0.206442, 0.102733 )
( -0.960183, 0.177814, 0.153593 )
( -1.416070, 0.369292, 0.160253 )
( -1.448521, 0.396447, 0.162465 )
( -1.462302, 0.423872, 0.162919 )
( -1.466071, 0.454333, 0.163373 )
( -1.463983, 0.469752, 0.163343 )
( -1.450543, 0.500706, 0.163000 )
( -1.426654, 0.524539, 0.162658 )
( -1.378567, 0.540021, 0.162278 )
( -0.720959, 0.608849, 0.143791 )
( -0.016052, 0.669718, 0.096879 )
( 0.043877, 0.673431, 0.094112 )
( 0.858440, 0.741391, 0.053883 )
( 1.378070, 0.809968, 0.013503 )
( 1.410986, 0.816969, 0.011501 )
( 1.435085, 0.831934, 0.010857 )
( 1.453951, 0.854699, 0.010991 )
( 1.464159, 0.881051, 0.011119 )
( 1.465929, 0.906655, 0.011510 )
( 1.455610, 0.942324, 0.012002 )
( 1.431776, 0.970797, 0.012493 )
( 1.408312, 0.984104, 0.012383 )
( 1.381957, 0.989865, 0.012272 )
( 0.306864, 0.957380, 0.024246 )