-0.920000
0.000000
-1.820000
( 0.381669, 0.842897, -0.029072 )
( -0.983187, 0.842529, 0.006720 )
( -1.043356, 0.841460, 0.007871 )
( -1.103653, 0.840419, 0.006058 )
( -1.181633, 0.842897, 0.001305 )
( -1.240793, 0.845049, -0.002208 )
( -1.271753, 0.847393, -0.003408 )
( -1.310998, 0.845446, -0.015182 )
( -1.362523, 0.846905, -0.026177 )
( -1.396735, 0.843395, -0.034823 )
( -1.435121, 0.873622, -0.033661 )
( -1.787601, 0.984024, -0.037513 )
( -1.828883, 0.989614, -0.036645 )
( -1.857814, 0.981730, -0.038149 )
( -1.880318, 0.966869, -0.039490 )
( -1.905427, 0.928493, -0.041852 )
( -1.910054, 0.900000, -0.041851 )
( -1.905428, 0.871510, -0.041851 )
( -1.893175, 0.847511, -0.042811 )
( -1.873898, 0.827857, -0.043029 )
( -1.849838, 0.815033, -0.042427 )
( -1.823195, 0.810003, -0.040760 )
( -1.448913, 0.850801, -0.021881 )
( -1.401417, 0.854153, -0.020530 )
( -1.343077, 0.857539, -0.018635 )
( -1.307400, 0.860105, -0.017177 )
( -1.250809, 0.854849, -0.016532 )
( -1.192580, 0.848526, -0.013585 )
( -1.117160, 0.840155, -0.009826 )
( -1.085119, 0.836965, -0.007905 )
( -1.016203, 0.830433, -0.004307 )
( -0.956131, 0.824755, -0.001153 )
( -0.023150, 0.732942, 0.047551 )
( 0.037367, 0.727287, 0.050668 )
( 0.457546, 0.686080, 0.070049 )
( 1.386882, 0.588740, 0.105505 )
( 1.827253, 0.539761, 0.119439 )
( 1.854063, 0.533363, 0.119908 )
( 1.877432, 0.519363, 0.119927 )
( 1.895502, 0.499082, 0.119982 )
( 1.910053, 0.450000, 0.119956 )
( 1.895506, 0.400924, 0.119929 )
( 1.873843, 0.377816, 0.119847 )
( 1.845519, 0.363638, 0.119731 )
( 1.521698, 0.257255, 0.098376 )
( 1.189215, 0.147578, 0.081346 )
( 0.481708, -0.093243, 0.053187 )
( -0.037532, -0.281181, 0.024743 )
( -0.081368, -0.298063, 0.021575 )
( -0.784066, -0.569868, -0.030408 )
( -1.339660, -0.773999, -0.034698 )
( -1.378503, -0.788038, -0.033212 )
( -1.424824, -0.799931, -0.027214 )
( -1.476173, -0.804636, -0.024058 )
( -1.842727, -0.812862, -0.043182 )
( -1.872802, -0.827051, -0.044045 )
( -1.893056, -0.847346, -0.043448 )
( -1.905428, -0.871509, -0.042148 )
( -1.910054, -0.900000, -0.042144 )
( -1.905428, -0.928492, -0.042139 )
( -1.875285, -0.971085, -0.039736 )
( -1.826583, -0.989812, -0.037333 )
( -1.799404, -0.987667, -0.033398 )
( -1.773878, -0.977346, -0.034284 )
( -1.488581, -0.826545, -0.035697 )
( -1.462094, -0.796224, -0.040141 )
( -1.394893, -0.775852, -0.024950 )
( -1.345074, -0.776376, -0.019628 )
( -1.070356, -0.794037, 0.015880 )
( -0.439675, -0.789015, 0.009630 )
( 0.602136, -0.792438, 0.022436 )
( 1.249400, -0.780292, 0.000477 )
( 1.304806, -0.780379, -0.001164 )
( 1.338728, -0.773471, -0.020826 )
( 1.375349, -0.788926, -0.031809 )
( 1.399537, -0.821801, -0.027301 )
( 1.795090, -0.986540, -0.032770 )
( 1.825181, -0.989904, -0.036935 )
( 1.874035, -0.972041, -0.039509 )
( 1.893051, -0.952661, -0.040833 )
( 1.905427, -0.928493, -0.042158 )
( 1.910054, -0.900000, -0.042158 )
( 1.905428, -0.871510, -0.042157 )
( 1.893151, -0.847478, -0.043299 )
( 1.873486, -0.827551, -0.044029 )
( 1.848979, -0.814736, -0.043366 )
( 1.397454, -0.797904, -0.017708 )
( 1.355773, -0.793715, -0.016583 )
( 1.319880, -0.790375, -0.015661 )
( 1.277094, -0.776730, -0.016046 )
( 0.497550, -0.512527, -0.035532 )
( -0.036331, -0.295910, 0.008184 )
( -0.080153, -0.278740, 0.012078 )
( -0.524662, -0.104397, 0.047379 )
( -1.467795, 0.233861, 0.108881 )
( -1.846861, 0.364045, 0.126588 )
( -1.874404, 0.378238, 0.127525 )
( -1.895507, 0.400925, 0.128439 )
( -1.910053, 0.450000, 0.128951 )
( -1.895506, 0.499077, 0.129462 )
( -1.877714, 0.519128, 0.129431 )
( -1.854831, 0.533045, 0.129426 )
( -1.824687, 0.539932, 0.129259 )
( -1.013093, 0.608326, 0.081979 )
( 0.018010, 0.720258, 0.036252 )
( 0.077011, 0.725858, 0.034033 )
( 1.251918, 0.837399, -0.018928 )
( 1.311609, 0.843969, -0.021236 )
( 1.366839, 0.848995, -0.022875 )
( 1.423190, 0.853021, -0.014526 )
( 1.466967, 0.851820, -0.007559 )
( 1.511772, 0.848575, -0.007666 )
( 1.817169, 0.809991, -0.031213 )
( 1.850138, 0.815139, -0.033055 )
( 1.874214, 0.828094, -0.034085 )
( 1.893035, 0.847317, -0.033914 )
( 1.905428, 0.871509, -0.032523 )
( 1.910054, 0.900000, -0.032518 )
( 1.905428, 0.928491, -0.032518 )
( 1.885623, 0.961670, -0.032138 )
( 1.853736, 0.983495, -0.031758 )
( 1.827050, 0.989777, -0.029642 )
( 1.796893, 0.987039, -0.031259 )
( 1.493272, 0.871170, -0.022347 )
( 1.460459, 0.842085, -0.022899 )
( 1.407801, 0.836000, -0.012752 )
( 1.353702, 0.844204, -0.007890 )
( 1.313355, 0.846803, -0.005067 )
( 1.253743, 0.848127, -0.005542 )
( 0.401917, 0.843936, -0.028908 )