0.0
0.0
1.15
(-0.2556242688118173, 0.113653, -0.04469474999999999)
(0.17401941330644247, 0.112365, -0.04386274999999999)
(0.355388292495705, 0.104867, -0.04489775)
(1.0245859626421092, 0.089768, -0.04136574999999999)
(1.0299999999999998, 0.097, -0.041545750000000006, 'left:tnM:1')
(1.4269999999999998, 0.097, -0.041545750000000006)
(1.4269999999999998, -0.097, -0.04977775000000001)
(1.0299999999999998, -0.097, -0.04977775000000001, 'left:tfM:-1')
(1.0298661468267636, -0.089628, -0.034618750000000004)
(0.7530883699826071, -0.103232, -0.038490750000000004)
(0.6474981304249188, -0.108207, -0.03942975)
(0.526015262122101, -0.179172, -0.05360274999999999)
(0.33380305881904165, -0.306094, -0.07929574999999998)
(0.1244372368940682, -0.43974, -0.11599225)
(-0.06808950433153298, -0.44887, -0.11780875)
(-0.40263623341828125, -0.601976, -0.13755974999999998)
(-1.0299999999999998, -0.803, -0.18231474999999997)
(-1.0299999999999998, -0.997, -0.18902424999999995)
(-0.959156716606028, -0.98921, -0.17062824999999998)
(-0.8729798085891216, -0.981674, -0.16442725000000002)
(-0.7981295846602419, -0.966971, -0.15932125000000003)
(-0.7374024249859261, -0.944531, -0.15709825)
(-0.7041483560343164, -0.918335, -0.15743425)
(-0.6981724378418794, -0.895574, -0.15203725)
(-0.6953525304383621, -0.604798, -0.10133874999999999)
(-0.6896992714959123, -0.451194, -0.07483574999999999)
(-0.6985892060397771, 0.456475, 0.06376724999999998)
(-0.7488534673265492, 0.500047, 0.06407524999999999)
(-1.0299999999999998, 0.803, 0.03799925, 'right:tfT:1')
(-1.4269999999999998, 0.803, 0.03799925)
(-1.4269999999999998, 0.997, 0.041686249999999994)
(-1.0299999999999998, 0.997, 0.041686249999999994, 'right:tnT:-1')
(-0.660980831264123, 0.98556, 0.05165625)
(-0.5099337564217379, 0.97592, 0.06819225)
(-0.36649000077980093, 0.960191, 0.07673925)
(-0.20391557988623502, 0.937077, 0.07639424999999998)
(0.32937269889487286, 0.915621, 0.059116249999999995)
(0.5912127691165402, 0.972902, 0.03754525)
(0.9976607204376063, 0.99005, 0.029929250000000004)
(1.0299999999999998, 0.997, 0.030832250000000005, 'left:tnT:1')
(1.4269999999999998, 0.997, 0.030832250000000005)
(1.4269999999999998, 0.803, 0.03750125)
(1.0299999999999998, 0.803, 0.03750125, 'left:tfT:-1')
(0.7461108637016745, 0.498804, 0.05599625000000001)
(0.6992513297090178, 0.458788, 0.05699525000000001)
(0.6981186613002152, -0.089598, -0.02107275)
(0.698044718555427, -0.120712, -0.026060749999999994)
(0.697806085151793, -0.450077, -0.08518174999999999)
(0.6981388275033391, -0.769734, -0.15010075)
(0.6982531026543767, -0.800685, -0.15828475000000003)
(0.6990463066439228, -0.908135, -0.18637125)
(0.7312046785591246, -0.94112, -0.19345925000000003)
(0.8175328330994619, -0.971741, -0.18968525000000003)
(0.8985808034551431, -0.984797, -0.19407724999999998)
(0.9914260026384115, -0.990013, -0.19697725)
(1.0299999999999998, -0.997, -0.19783725000000002)
(1.0299999999999998, -0.803, -0.18966525)
(0.7340413911319116, -0.798188, -0.18537925)
(0.6285923149960921, -0.793278, -0.18273625)
(0.4347067716026876, -0.665048, -0.14586675)
(0.3072143725950075, -0.581022, -0.12714874999999998)
(0.008605927183201438, -0.4526, -0.09510175)
(-0.1855441933938883, -0.443721, -0.09238375)
(-0.34462487883399245, -0.335812, -0.08248775000000001)
(-0.5816800826175511, -0.176679, -0.07198475)
(-1.0299999999999998, -0.097, -0.06575175, 'right:tfM:1')
(-1.4269999999999998, -0.097, -0.06575175)
(-1.4269999999999998, 0.097, -0.06340074999999999)
(-1.0299999999999998, 0.097, -0.06340074999999999, 'right:tnM:-1')
(-0.9896849871020325, 0.089996, -0.06341875)
(-0.6372400801507356, 0.095527, -0.05927175)
(-0.4670916781065332, 0.105976, -0.05149075)