0.0
0.0
1.15
(0.20760020549590696, 0.101449, -0.185819)
(0.3719878969454121, 0.101919, -0.1786085)
(0.5287715572593956, 0.097918, -0.171649)
(0.6027045815941244, 0.095829, -0.16998600000000003)
(1.0211806815975417, 0.089751, -0.16895900000000003)
(1.0299999999999998, 0.097, -0.16888000000000003)
(1.21, 1.02, 0.118102, 'left:tnT:1')
(1.4499999999999997, 1.02, 0.118102)
(1.4499999999999997, 0.78, 0.118102)
(1.21, 0.78, 0.118102, 'left:tfT:-1')
(1.13, 0.097, -0.16888000000000003, 'left:tnM:1')
(1.4269999999999998, 0.097, -0.16888000000000003)
(1.4269999999999998, -0.097, -0.17223100000000002)
(1.0299999999999998, -0.097, -0.17223100000000002, 'left:tfM:-1')
(1.0001350701098288, -0.090054, -0.16478500000000001)
(0.9235418759549876, -0.085811, -0.164391)
(0.6191835208293734, 0.055757, -0.14857900000000002)
(0.455725582189784, 0.22953, -0.133044)
(0.3249392887995926, 0.369215, -0.12144700000000001)
(0.010396651662142322, 0.551957, -0.10734900000000001)
(-1.0299999999999998, 0.803, -0.09019100000000001, 'right:bfT:1')
(-1.4269999999999998, 0.803, -0.09019100000000001)
(-1.4269999999999998, 0.997, -0.08214799999999998)
(-1.0299999999999998, 0.997, -0.08214799999999998, 'right:bnT:-1')
(-0.974601191430927, 0.989586, -0.07879400000000002)
(-0.8979629739061428, 0.982368, -0.07595899999999998)
(-0.83091473417921, 0.966947, -0.07518800000000002)
(-0.782629983876006, 0.946048, -0.07603900000000001)
(-0.750055575722273, 0.913954, -0.072749)
(-0.747109358951631, 0.897276, -0.07046)
(-0.7424719518475051, 0.667204, -0.03644700000000001)
(-0.7485247811442121, 0.006009, 0.061263)
(-0.7473851270925315, -0.454995, 0.129372)
(-0.7896930250358067, -0.500027, 0.13144699999999998)
(-1.0299999999999998, -0.803, 0.11395899999999999, 'right:tnL:1')
(-1.4269999999999998, -0.803, 0.11395899999999999)
(-1.4269999999999998, -0.997, 0.109189)
(-1.0299999999999998, -0.997, 0.109189, 'right:tfL:-1')
(-0.9864789192140039, -0.989918, 0.11761400000000001)
(-0.6255137143015559, -0.971639, 0.13289600000000001)
(-0.09567962414518956, -0.948494, 0.15712900000000002)
(0.1304276902342094, -0.931613, 0.16381800000000002)
(0.3460990405665036, -0.922317, 0.160283)
(0.5183725322840809, -0.932856, 0.14781499999999997)
(0.713572640262476, -0.971538, 0.12277699999999998)
(1.0299999999999998, -0.997, 0.118486, 'left:tfL:1')
(1.4269999999999998, -0.997, 0.118486)
(1.4269999999999998, -0.803, 0.105614)
(1.0299999999999998, -0.803, 0.105614, 'left:tnL:-1')
(0.7926364278458281, -0.501558, 0.13205299999999998)
(0.7480154542717323, -0.458077, 0.13141199999999997)
(0.7470333820148517, 0.001561, 0.06135500000000001)
(0.7485866882778835, 0.657897, -0.038665000000000005)
(0.7500077383917082, 0.913845, -0.07760100000000002)
(0.7938323611099377, 0.952162, -0.07934600000000001)
(0.8532266279465682, 0.973309, -0.079668)
(0.9248756932895481, 0.985961, -0.08248899999999999)
(1.0040408474523805, 0.990044, -0.08656499999999999)
(1.0299999999999998, 0.997, -0.090293, 'left:bnT:1')
(1.4269999999999998, 0.997, -0.090293)
(1.4269999999999998, 0.803, -0.08189800000000001)
(1.0299999999999998, 0.803, -0.08189800000000001, 'left:bfT:-1')
(0.5240397154444647, 0.569319, -0.12300199999999999)
(0.307957036449232, 0.362373, -0.14430700000000002)
(0.20851345603751284, 0.301325, -0.15114499999999997)
(-0.15301755067239592, 0.098495, -0.17421799999999998)
(-0.3203778586322461, 0.084038, -0.17768450000000002)
(-0.9165379279682352, -0.084979, -0.209569)
(-0.9992317887503481, -0.090053, -0.210995)
(-1.0299999999999998, -0.097, -0.21140600000000004, 'right:tfM:1')
(-1.4269999999999998, -0.097, -0.21140600000000004)
(-1.4269999999999998, 0.097, -0.209878)
(-1.13, 0.097, -0.209878, 'right:tnM:-1')
(-1.21, 0.78, 0.11785200000000003, 'right:tfT:1')
(-1.4499999999999997, 0.78, 0.11785200000000003)
(-1.4499999999999997, 1.02, 0.11785200000000003)
(-1.21, 1.02, 0.11785200000000003, 'right:tnT:-1')
(-1.0299999999999998, 0.097, -0.209878)
(-1.0200776090339387, 0.089782, -0.20983200000000002)
(-0.6632671545321731, 0.092752, -0.207467)
(-0.2849360246052711, 0.09495, -0.2011715)
(-0.11413705676602776, 0.097065, -0.1988495)