0.0
0.0
1.15
(-0.5260104097897285, 0.960473, -0.09618599999999998)
(-1.0299999999999998, 0.997, -0.10926299999999999)
(-1.0299999999999998, 0.803, -0.11718399999999997)
(-0.7221494312742406, 0.705379, -0.098698)
(-0.07844368643372175, 0.459594, -0.051022)
(0.1820728437302121, 0.443813, -0.045307)
(0.66724932825861, 0.237396, -0.0074789999999999995)
(1.0299999999999998, 0.097, 0.035286, 'left:tnM:1')
(1.4269999999999998, 0.097, 0.035286)
(1.4269999999999998, -0.097, 0.02103899999999999)
(1.0299999999999998, -0.097, 0.02103899999999999, 'left:tfM:-1')
(0.6476946963345565, -0.254703, 0.019540000000000002)
(0.021568561027536196, -0.465033, -0.026705499999999993)
(-0.24171016252641633, -0.480493, -0.030246999999999996)
(-0.732675997550334, -0.699193, -0.063593)
(-1.0299999999999998, -0.803, -0.07878499999999998, 'right:tnL:1')
(-1.4269999999999998, -0.803, -0.07878499999999998)
(-1.4269999999999998, -0.997, -0.07966099999999997)
(-1.0299999999999998, -0.997, -0.07966099999999997, 'right:tfL:-1')
(-0.714824776540951, -0.98056, -0.07951399999999999)
(0.6021059564626456, -0.981704, -0.092351)
(1.0299999999999998, -0.997, -0.09446700000000001, 'left:tfL:1')
(1.4269999999999998, -0.997, -0.09446700000000001)
(1.4269999999999998, -0.803, -0.082166)
(1.0299999999999998, -0.803, -0.082166, 'left:tnL:-1')
(0.683748370352544, -0.705541, -0.05290299999999999)
(0.00017980315463299253, -0.473977, -0.011862999999999999)
(-0.26729432734076336, -0.460179, -0.010605999999999997)
(-0.7187970775289569, -0.261241, 0.006716000000000007)
(-1.0299999999999998, -0.097, 0.009849000000000004, 'right:tfM:1')
(-1.4269999999999998, -0.097, 0.009849000000000004)
(-1.4269999999999998, 0.097, 0.013375000000000005)
(-1.0299999999999998, 0.097, 0.013375000000000005, 'right:tnM:-1')
(-0.7540099555471504, 0.231117, -0.013406999999999988)
(-0.19238676961483034, 0.443908, -0.025875999999999996)
(0.0715955315007308, 0.456287, -0.026706999999999995)
(0.6336791147197581, 0.697162, -0.087439)
(1.0299999999999998, 0.803, -0.089715)
(1.0299999999999998, 0.997, -0.07945999999999999)
(0.9638256899620334, 0.989752, -0.079947)
(0.6460926071530533, 0.975368, -0.08649)