0.0
0.0
1.15
(0.11921521974035076, 0.089812, -0.07679525)
(0.6564778956120799, 0.087686, -0.06013724999999999)
(0.844919673030101, 0.087117, -0.045779749999999994)
(1.023917563803466, 0.089671, -0.04383574999999999)
(1.0299999999999998, 0.097, -0.04335475, 'left:tnM:1')
(1.4269999999999998, 0.097, -0.04335475)
(1.4269999999999998, -0.097, -0.037825750000000005)
(1.0299999999999998, -0.097, -0.037825750000000005, 'left:tfM:-1')
(1.0169979264143676, -0.08986, -0.05259825)
(0.9383111877077723, -0.087473, -0.05065425)
(0.8306918730059353, 0.007408, -0.03390775)
(0.659971671665337, 0.166627, -0.014509750000000002)
(0.5060139747279052, 0.315676, -0.0035607499999999945)
(0.3442483576308386, 0.32696, -0.002728749999999995)
(-0.05453530300891963, 0.495934, 0.00825025)
(-0.7653583758951763, 0.7155, 0.030442250000000004)
(-1.0299999999999998, 0.803, 0.03662625, 'right:tfT:1')
(-1.4269999999999998, 0.803, 0.03662625)
(-1.4269999999999998, 0.997, 0.040545250000000005)
(-1.13, 0.997, 0.040545250000000005, 'right:tnT:-1')
(-1.2299999999999998, 0.863, 0.03662625)
(-1.2299999999999998, 0.803, 0.09662625)
(-1.2299999999999998, 0.7430000000000001, 0.03662625)
(-1.2299999999999998, 0.157, -0.07153125)
(-1.2299999999999998, 0.097, -0.011531250000000007)
(-1.2299999999999998, 0.037000000000000005, -0.07153125)
(-1.2299999999999998, -0.037000000000000005, -0.07420725)
(-1.2299999999999998, -0.097, -0.014207250000000005)
(-1.2299999999999998, -0.157, -0.07420725)
(-1.21, -0.78, 0.24054525, 'right:tnL:1')
(-1.4499999999999997, -0.78, 0.24054525)
(-1.4499999999999997, -1.02, 0.24054525)
(-1.21, -1.02, 0.24054525, 'right:tfL:-1')
(-1.13, -0.157, -0.07420725)
(-1.13, -0.097, -0.014207250000000005)
(-1.13, -0.037000000000000005, -0.07420725)
(-1.13, 0.037000000000000005, -0.07153125)
(-1.13, 0.097, -0.011531250000000007)
(-1.13, 0.157, -0.07153125)
(-1.13, 0.7430000000000001, 0.03662625)
(-1.13, 0.803, 0.09662625)
(-1.13, 0.863, 0.03662625)
(-1.0299999999999998, 0.997, 0.040545250000000005)
(-1.0250530644828932, 0.989633, 0.04032925000000001)
(-0.7397052401185443, 0.976898, 0.040184250000000005)
(-0.08422316485991008, 0.956917, 0.03934125000000001)
(0.5427136971051645, 0.945024, 0.03745425000000001)
(0.7854534607717688, 0.964438, 0.03386825)
(1.0254046662161163, 0.989621, 0.03196525)
(1.0299999999999998, 0.997, 0.03217125)
(1.13, 0.863, 0.029142249999999995)
(1.13, 0.803, 0.08914224999999999)
(1.13, 0.7430000000000001, 0.029142249999999995)
(1.13, 0.157, -0.04335475)
(1.13, 0.097, 0.01664525)
(1.13, 0.037000000000000005, -0.04335475)
(1.13, -0.037000000000000005, -0.037825750000000005)
(1.13, -0.097, 0.022174249999999993)
(1.13, -0.157, -0.037825750000000005)
(1.21, -1.02, 0.23217125, 'left:tfL:1')
(1.4499999999999997, -1.02, 0.23217125)
(1.4499999999999997, -0.78, 0.23217125)
(1.21, -0.78, 0.23217125, 'left:tnL:-1')
(1.2299999999999998, -0.157, -0.037825750000000005)
(1.2299999999999998, -0.097, 0.022174249999999993)
(1.2299999999999998, -0.037000000000000005, -0.037825750000000005)
(1.2299999999999998, 0.037000000000000005, -0.04335475)
(1.2299999999999998, 0.097, 0.01664525)
(1.2299999999999998, 0.157, -0.04335475)
(1.2299999999999998, 0.7430000000000001, 0.029142249999999995)
(1.2299999999999998, 0.803, 0.08914224999999999)
(1.2299999999999998, 0.863, 0.029142249999999995)
(1.13, 0.997, 0.03217125, 'left:tnT:1')
(1.4269999999999998, 0.997, 0.03217125)
(1.4269999999999998, 0.803, 0.029142249999999995)
(1.0299999999999998, 0.803, 0.029142249999999995, 'left:tfT:-1')
(0.80983745507443, 0.642437, 0.019873250000000005)
(0.604248372175468, 0.42735, -0.009329749999999998)
(0.4422126700549165, 0.31887, -0.022970749999999998)
(0.28322240106518076, 0.305023, -0.02461175)
(-0.14907481191468763, 0.104918, -0.049278749999999996)
(-0.3221003304191696, 0.093249, -0.05093625)
(-0.4950019237225979, 0.082107, -0.05258325)
(-0.6672868795116697, 0.012951, -0.06307874999999999)
(-0.9272991367024656, -0.086448, -0.07323675)
(-1.0051068710760016, -0.090036, -0.07479074999999999)
(-1.0299999999999998, -0.097, -0.07420725, 'right:tfM:1')
(-1.4269999999999998, -0.097, -0.07420725)
(-1.4269999999999998, 0.097, -0.07153125)
(-1.0299999999999998, 0.097, -0.07153125, 'right:tnM:-1')
(-1.0212949607113877, 0.08975, -0.07196025)
(-0.6897546257387333, 0.0853, -0.07509225000000001)
(-0.3652032445346815, 0.086896, -0.07546574999999998)
(-0.18631001185935306, 0.086382, -0.07569525)