0.0
0.0
1.15
(0.18510832783434272, 0.045952, 0.0004342500000000041)
(0.4756613665174278, 0.046126, -0.011513749999999996)
(0.7394788032685455, 0.061362, -0.011143749999999994)
(1.0299999999999998, 0.097, 0.023935250000000005, 'left:tnM:1')
(1.4269999999999998, 0.097, 0.023935250000000005)
(1.4269999999999998, -0.097, 0.03573425000000001)
(1.0299999999999998, -0.097, 0.03573425000000001, 'left:tfM:-1')
(0.4705345382828059, -0.299576, -0.015480750000000001)
(0.1698297562268159, -0.435247, -0.04596425)
(-0.13682984455043218, -0.445571, -0.04809124999999999)
(-0.5573518500473593, -0.61988, -0.06749024999999999)
(-0.7778523127597549, -0.717855, -0.08061725000000002)
(-1.0299999999999998, -0.803, -0.09548224999999998, 'right:tnL:1')
(-1.4269999999999998, -0.803, -0.09548224999999998)
(-1.4269999999999998, -0.997, -0.09493824999999996)
(-1.13, -0.997, -0.09493824999999996, 'right:tfL:-1')
(-1.2299999999999998, -0.863, -0.09548224999999998)
(-1.2299999999999998, -0.803, -0.03548224999999998)
(-1.2299999999999998, -0.7430000000000001, -0.09548224999999998)
(-1.2299999999999998, -0.157, 0.0007912500000000072)
(-1.2299999999999998, -0.097, 0.060791250000000005)
(-1.2299999999999998, -0.037000000000000005, 0.0007912500000000072)
(-1.2299999999999998, 0.037000000000000005, 0.004558250000000007)
(-1.2299999999999998, 0.097, 0.06455825000000001)
(-1.2299999999999998, 0.157, 0.004558250000000007)
(-1.21, 0.78, 0.10506175000000005, 'right:tfT:1')
(-1.4499999999999997, 0.78, 0.10506175000000005)
(-1.4499999999999997, 1.02, 0.10506175000000005)
(-1.21, 1.02, 0.10506175000000005, 'right:tnT:-1')
(-1.13, 0.157, 0.004558250000000007)
(-1.13, 0.097, 0.06455825000000001)
(-1.13, 0.037000000000000005, 0.004558250000000007)
(-1.13, -0.037000000000000005, 0.0007912500000000072)
(-1.13, -0.097, 0.060791250000000005)
(-1.13, -0.157, 0.0007912500000000072)
(-1.13, -0.7430000000000001, -0.09548224999999998)
(-1.13, -0.803, -0.03548224999999998)
(-1.13, -0.863, -0.09548224999999998)
(-1.0299999999999998, -0.997, -0.09493824999999996)
(-0.9938228669846311, -0.990051, -0.09606125)
(-0.777142244331552, -0.99358, -0.09738825)
(-0.2221909592477039, -1.001701, -0.10088425)
(0.40792232916612253, -1.00154, -0.10336325)
(0.9978636724960257, -0.990054, -0.10912324999999999)
(1.0299999999999998, -0.997, -0.10878025000000001)
(1.13, -0.863, -0.10070925000000001)
(1.13, -0.803, -0.040709250000000016)
(1.13, -0.7430000000000001, -0.10070925000000001)
(1.13, -0.157, 0.03573425000000001)
(1.13, -0.097, 0.09573425)
(1.13, -0.037000000000000005, 0.03573425000000001)
(1.13, 0.037000000000000005, 0.023935250000000005)
(1.13, 0.097, 0.08393525)
(1.13, 0.157, 0.023935250000000005)
(1.21, 1.02, 0.09121975, 'left:tnT:1')
(1.4499999999999997, 1.02, 0.09121975)
(1.4499999999999997, 0.78, 0.09121975)
(1.21, 0.78, 0.09121975, 'left:tfT:-1')
(1.2299999999999998, 0.157, 0.023935250000000005)
(1.2299999999999998, 0.097, 0.08393525)
(1.2299999999999998, 0.037000000000000005, 0.023935250000000005)
(1.2299999999999998, -0.037000000000000005, 0.03573425000000001)
(1.2299999999999998, -0.097, 0.09573425)
(1.2299999999999998, -0.157, 0.03573425000000001)
(1.2299999999999998, -0.7430000000000001, -0.10070925000000001)
(1.2299999999999998, -0.803, -0.040709250000000016)
(1.2299999999999998, -0.863, -0.10070925000000001)
(1.13, -0.997, -0.10878025000000001, 'left:tfL:1')
(1.4269999999999998, -0.997, -0.10878025000000001)
(1.4269999999999998, -0.803, -0.10070925000000001)
(1.0299999999999998, -0.803, -0.10070925000000001, 'left:tnL:-1')
(0.920398928480431, -0.776717, -0.09277224999999999)
(0.7139565666718072, -0.686785, -0.07410625)
(0.4070530704032372, -0.553231, -0.047710249999999996)
(0.1391814608726382, -0.452959, -0.026033749999999994)
(-0.16578895071541994, -0.443256, -0.025013749999999987)
(-0.7352278970794539, -0.193399, -0.0010557499999999942)
(-1.0299999999999998, -0.097, 0.0007912500000000072, 'right:tfM:1')
(-1.4269999999999998, -0.097, 0.0007912500000000072)
(-1.4269999999999998, 0.097, 0.004558250000000007)
(-1.0299999999999998, 0.097, 0.004558250000000007, 'right:tnM:-1')
(-0.8514904707621461, 0.074136, 0.010887250000000001)
(-0.6129379438675852, 0.056055, 0.014837250000000003)