0.0
0.0
1.15
(0.027327001317084716, 0.760018, -0.21380950000000004)
(0.07775818029633112, 0.754254, -0.21445150000000002)
(0.14965283423122422, 0.749054, -0.22282450000000004)
(0.2383882393770641, 0.755075, -0.22333750000000002)
(0.3286428943543133, 0.755128, -0.2227495)
(0.4060743826773366, 0.758915, -0.21780550000000004)
(0.47927970493788913, 0.762526, -0.212941)
(0.615989867051218, 0.769473, -0.204322)
(0.6872437040360193, 0.790703, -0.181543)
(0.74679786352377, 0.801346, -0.16825)
(0.8121603080514928, 0.82431, -0.14510499999999998)
(0.8434240871458218, 0.859989, -0.11103550000000002)
(0.8708787762894538, 0.932717, -0.06036749999999999)
(0.8904921267264988, 0.955194, -0.0490395)
(0.9191303270507716, 0.973131, -0.03601649999999999)
(0.9552374217308964, 0.985225, -0.023392499999999997)
(0.9958200047248105, 0.990011, -0.010205499999999992)
(1.0299999999999998, 0.997, 0.0023635000000000045, 'left:tnT:1')
(1.4269999999999998, 0.997, 0.0023635000000000045)
(1.4269999999999998, 0.803, -0.03268249999999999)
(1.0299999999999998, 0.803, -0.03268249999999999, 'left:tfT:-1')
(0.9179360426864316, 0.55094, -0.0747185)
(0.8718237384024754, 0.484253, -0.108583)
(0.8620293753938945, 0.458521, -0.1209775)
(0.8644117880176031, 0.431352, -0.13548849999999996)
(1.0299999999999998, 0.097, -0.3170485, 'left:bnM:1')
(1.4269999999999998, 0.097, -0.3170485)
(1.4269999999999998, -0.097, -0.3153905)
(1.0299999999999998, -0.097, -0.3153905, 'left:bfM:-1')
(1.0129462887536427, -0.08966, -0.3184735)
(0.9717773367612577, -0.088167, -0.3177775)
(0.3751795304035259, 0.021908, -0.3060315)
(0.18409001448682824, 0.119326, -0.2953115)
(0.10662368727501363, 0.243733, -0.28046950000000004)
(0.007534302971167362, 0.398827, -0.254701)
(-0.0728859743151908, 0.41562, -0.25164400000000003)
(-0.14668433342907314, 0.52284, -0.23508100000000004)
(-0.21920337058727157, 0.629423, -0.21708850000000002)
(-0.31339268331533987, 0.755559, -0.2066095)
(-0.39155828715613333, 0.767655, -0.20598850000000002)
(-0.47316053659688984, 0.778136, -0.20848900000000004)
(-0.5501118487321888, 0.789036, -0.21106450000000004)
(-0.6420932911537542, 0.79924, -0.2155705)
(-0.7267151100826995, 0.804294, -0.21932650000000004)
(-1.012661568898742, 0.810323, -0.2145805)
(-1.0299999999999998, 0.803, -0.214783, 'right:bfT:1')
(-1.4269999999999998, 0.803, -0.214783)
(-1.4269999999999998, 0.997, -0.2066905)
(-1.0299999999999998, 0.997, -0.2066905, 'right:bnT:-1')
(-1.003275047844478, 0.990028, -0.2049805)
(-0.9519146640728942, 0.98446, -0.20030050000000005)
(-0.8948798905444535, 0.958687, -0.18906699999999999)
(-0.8304146983162282, 0.88277, -0.12579999999999997)
(-0.8133638265732885, 0.845647, -0.10698399999999998)
(-0.8131468238730671, 0.800369, -0.09702999999999999)
(-0.8621494194408256, -0.023061, -0.02024849999999999)
(-0.8637500067332397, -0.466497, 0.015467500000000009)
(-0.8794203719364718, -0.494398, 0.016664499999999985)
(-1.0299999999999998, -0.803, 0.03240450000000002)
(-1.0299999999999998, -0.803, 0.23519250000000003)
(-1.0299999999999998, 0.12, 0.23519250000000003)
(-1.21, 0.12, 0.23519250000000003, 'right:tnM:1')
(-1.4499999999999997, 0.12, 0.23519250000000003)
(-1.4499999999999997, -0.12, 0.23519250000000003)
(-1.0799999999999998, -0.12, 0.23519250000000003, 'right:tfM:-1')
(-1.0799999999999998, -0.997, 0.23519250000000003)
(-1.0299999999999998, -0.997, 0.03519250000000003)
(-1.0128308617854396, -0.989667, 0.029550499999999993)
(-0.31219084910155115, -0.985372, 0.027962500000000015)
(-0.18585725804347253, -0.983933, 0.02641450000000002)
(-0.10241178264182087, -0.98512, 0.026823500000000014)
(0.048719067296551004, -0.986193, 0.027742500000000017)
(0.16139437200539572, -0.987518, 0.030035500000000007)
(0.22612330443436454, -0.988393, 0.03178650000000001)
(1.0135003382010166, -0.989626, 0.035194500000000004)
(1.0299999999999998, -0.997, 0.035771500000000025)
(1.0799999999999998, -0.997, 0.23577150000000002)
(1.0799999999999998, -0.12, 0.23577150000000002, 'left:tfM:1')
(1.21, -0.12, 0.23577150000000002)
(1.4499999999999997, -0.12, 0.23577150000000002)
(1.4499999999999997, 0.12, 0.23577150000000002, 'left:tnM:-1')
(1.0299999999999998, 0.12, 0.23577150000000002)
(1.0299999999999998, -0.803, 0.23577150000000002)
(1.0299999999999998, -0.803, 0.029184500000000016)
(0.9857332267301155, -0.653035, 0.028898500000000008)
(0.8652259328999946, -0.471001, 0.028598499999999985)
(0.8551545451677268, -0.139521, -0.002773499999999998)
(0.8133946070981429, 0.524493, -0.07733349999999999)
(0.790912511744694, 0.826297, -0.135505)
(0.8142102910067769, 0.8703, -0.15362949999999997)
(0.8861766971419512, 0.95138, -0.20007250000000004)
(0.9159891744894088, 0.971623, -0.20595999999999998)
(0.952053176434738, 0.984493, -0.21164500000000003)
(1.0029626255172088, 0.990033, -0.2158195)
(1.0299999999999998, 0.997, -0.21588400000000002, 'left:bnT:1')
(1.4269999999999998, 0.997, -0.21588400000000002)
(1.4269999999999998, 0.803, -0.22268350000000003)
(1.0299999999999998, 0.803, -0.22268350000000003, 'left:bfT:-1')
(1.013455706439978, 0.810372, -0.20843050000000002)
(0.6837793559636882, 0.796475, -0.20345799999999997)
(0.6000116965994444, 0.789769, -0.20080599999999998)
(0.5230603844641459, 0.780051, -0.20032450000000002)
(0.40882616159929475, 0.76738, -0.1991815)
(0.3291230705420377, 0.75651, -0.1983685)
(0.2399087973048576, 0.743918, -0.20039650000000003)
(0.1135469728888942, 0.56795, -0.23470450000000004)
(-0.0003609016539144213, 0.403661, -0.27871300000000004)
(-0.08152760666798509, 0.388694, -0.28234450000000005)
(-0.15453355842709024, 0.268838, -0.3026625)
(-0.23392006522616382, 0.142698, -0.32169850000000005)
(-0.2943782914399778, 0.048626, -0.33516250000000003)
(-0.972282137368865, -0.088235, -0.3564585)
(-1.0135249626209, -0.089624, -0.3573405)
(-1.0299999999999998, -0.097, -0.3584005, 'right:bfM:1')
(-1.4269999999999998, -0.097, -0.3584005)
(-1.4269999999999998, 0.097, -0.3540555)
(-1.0299999999999998, 0.097, -0.3540555, 'right:bnM:-1')
(-0.863591487030241, 0.43408, -0.1272835)
(-0.8624295222169979, 0.460913, -0.11044749999999999)
(-0.8732273303358232, 0.486393, -0.095512)
(-1.0089048058402967, 0.689009, -0.023001499999999994)
(-1.0299999999999998, 0.803, 0.03720649999999999, 'right:tfT:1')
(-1.4269999999999998, 0.803, 0.03720649999999999)
(-1.4269999999999998, 0.997, 0.025685499999999986)
(-1.0299999999999998, 0.997, 0.025685499999999986, 'right:tnT:-1')
(-1.0085138931746493, 0.989883, 0.018670499999999993)
(-0.9682098739306652, 0.987652, 0.011136500000000008)
(-0.9311039512190239, 0.978137, 0.0010204999999999936)
(-0.8991753127878458, 0.961786, -0.01083149999999998)
(-0.8752757742648648, 0.939263, -0.024077499999999988)
(-0.8636607432111629, 0.916148, -0.0439045)
(-0.8589651741446668, 0.876556, -0.0793)
(-0.8379220683281479, 0.848603, -0.11769550000000002)
(-0.782704884792343, 0.822666, -0.15632049999999997)
(-0.6703067202350402, 0.79191, -0.19701400000000002)
(-0.5987927878152215, 0.774357, -0.222043)
(-0.46850959929143227, 0.771532, -0.22556950000000003)
(-0.3903439954506384, 0.770755, -0.228379)
(-0.31238154307388183, 0.771656, -0.22838800000000004)
(-0.24659025764203057, 0.775302, -0.2297035)
(-0.1994509252625907, 0.777067, -0.22146700000000002)
(-0.15594441407567952, 0.772799, -0.21673599999999998)
(-0.1052299193983607, 0.76558, -0.21475899999999998)