2.310407
0.000000
1.410407
( 0.299708, 0.955021, 0.026225 )
( -0.819883, 0.968053, 0.015967 )
( -1.408323, 0.990030, 0.004803 )
( -1.436878, 0.986075, 0.006180 )
( -1.462722, 0.973300, 0.007557 )
( -1.491956, 0.938202, 0.006753 )
( -1.500354, 0.904387, 0.007278 )
( -1.495447, 0.870370, 0.008529 )
( -1.481355, 0.844537, 0.009605 )
( -1.460615, 0.825241, 0.010731 )
( -1.424608, 0.811073, 0.013056 )
( -0.856314, 0.759928, 0.043894 )
( 0.019532, 0.682876, 0.084410 )
( 0.082089, 0.678009, 0.087060 )
( 0.774078, 0.599834, 0.121084 )
( 1.423333, 0.539121, 0.152049 )
( 1.449092, 0.531322, 0.151945 )
( 1.471394, 0.516259, 0.151832 )
( 1.489318, 0.493392, 0.151876 )
( 1.499215, 0.464928, 0.152061 )
( 1.500323, 0.445012, 0.151762 )
( 1.493017, 0.414150, 0.151632 )
( 1.475620, 0.387896, 0.152136 )
( 1.450246, 0.369237, 0.152633 )
( 0.948240, 0.156423, 0.120304 )
( 0.018782, -0.219868, 0.068778 )
( -0.025095, -0.236364, 0.066967 )
( -0.920690, -0.599339, 0.019689 )
( -1.463858, -0.827524, -0.003214 )
( -1.482839, -0.846490, -0.006077 )
( -1.497769, -0.878146, -0.009664 )
( -1.500283, -0.905669, -0.011754 )
( -1.498068, -0.920622, -0.012485 )
( -1.483923, -0.952011, -0.013036 )
( -1.459033, -0.975797, -0.013587 )
( -1.415535, -0.989908, -0.013750 )
( -0.356404, -0.980597, -0.009230 )
( 0.762708, -0.989005, -0.001744 )
( 1.401068, -0.989568, 0.002970 )
( 1.433405, -0.987067, 0.003070 )
( 1.462759, -0.973273, 0.003169 )
( 1.489041, -0.943889, 0.001753 )
( 1.500140, -0.892403, 0.001362 )
( 1.493127, -0.864403, 0.001182 )
( 1.476007, -0.838304, 0.001590 )
( 1.451005, -0.819616, 0.001997 )
( 0.950098, -0.608564, 0.015747 )
( 0.019669, -0.220739, 0.053508 )
( -0.023656, -0.201868, 0.055231 )
( -1.000940, 0.194661, 0.124434 )
( -1.459743, 0.374663, 0.161151 )
( -1.483230, 0.397024, 0.162820 )
( -1.497685, 0.427814, 0.163389 )
( -1.500350, 0.454483, 0.163665 )
( -1.498271, 0.469739, 0.163637 )
( -1.485430, 0.499812, 0.163295 )
( -1.462696, 0.523318, 0.162953 )
( -1.438427, 0.535584, 0.161872 )
( -1.411602, 0.540046, 0.160766 )
( -0.719937, 0.607380, 0.117647 )
( -0.007386, 0.670434, 0.074635 )
( 0.053675, 0.676263, 0.070835 )
( 0.114804, 0.678975, 0.068742 )
( 0.884282, 0.749838, 0.035974 )
( 1.412693, 0.809975, 0.013805 )
( 1.446431, 0.817465, 0.011777 )
( 1.469506, 0.832052, 0.011176 )
( 1.487992, 0.854280, 0.011295 )
( 1.498481, 0.881220, 0.011413 )
( 1.500218, 0.906614, 0.011783 )
( 1.486048, 0.948868, 0.012331 )
( 1.466562, 0.970401, 0.012694 )
( 1.442990, 0.983953, 0.012540 )
( 1.416447, 0.989851, 0.012387 )
( 0.319657, 0.956748, 0.025496 )