-0.955714
0.000000
-1.855714
( 0.520693, 0.990903, -0.040741 )
( -0.489994, 0.999063, -0.047490 )
( -0.906466, 0.999388, -0.048441 )
( -1.855396, 0.990053, -0.044245 )
( -1.886174, 0.984746, -0.044505 )
( -1.913288, 0.969245, -0.044794 )
( -1.931209, 0.949094, -0.045299 )
( -1.945767, 0.900000, -0.046757 )
( -1.931210, 0.850907, -0.048215 )
( -1.912629, 0.830212, -0.048573 )
( -1.887176, 0.815621, -0.048419 )
( -1.858383, 0.809986, -0.047811 )
( -1.206163, 0.799482, 0.013222 )
( -0.201416, 0.768251, 0.089963 )
( -0.141891, 0.765764, 0.092983 )
( -0.097880, 0.763932, 0.095362 )
( -0.038086, 0.761075, 0.098474 )
( 1.140789, 0.640063, 0.123016 )
( 1.785343, 0.550970, 0.123161 )
( 1.818287, 0.545830, 0.122598 )
( 1.862640, 0.539787, 0.122763 )
( 1.888777, 0.533765, 0.123509 )
( 1.912178, 0.520154, 0.123921 )
( 1.931211, 0.499091, 0.123963 )
( 1.945767, 0.450000, 0.123841 )
( 1.931219, 0.400921, 0.123718 )
( 1.912458, 0.380073, 0.123892 )
( 1.888192, 0.366007, 0.124113 )
( 1.862014, 0.360167, 0.122153 )
( 1.327739, 0.455415, 0.105092 )
( 0.871569, 0.527570, 0.096585 )
( 0.189098, 0.629425, 0.089260 )
( -0.321381, 0.697028, 0.082865 )
( -0.379466, 0.703837, 0.082193 )
( -0.436692, 0.713963, 0.083983 )
( -0.491171, 0.726143, 0.084403 )
( -1.392658, 0.902489, 0.133532 )
( -1.832426, 0.986990, 0.143669 )
( -1.859671, 0.989967, 0.145419 )
( -1.886629, 0.984581, 0.148232 )
( -1.910141, 0.971745, 0.150967 )
( -1.928972, 0.952373, 0.153754 )
( -1.941142, 0.928491, 0.156670 )
( -1.945768, 0.900000, 0.156681 )
( -1.941131, 0.871475, 0.156648 )
( -1.767082, 0.465934, 0.088316 )
( -1.766394, 0.236242, 0.062517 )
( -1.765661, -0.000064, 0.036070 )
( -1.767896, -0.469941, -0.020879 )
( -1.883511, -0.740077, -0.041320 )
( -1.931223, -0.850929, -0.049664 )
( -1.945767, -0.900000, -0.047526 )
( -1.931245, -0.949038, -0.045325 )
( -1.913466, -0.969097, -0.044627 )
( -1.890499, -0.983064, -0.043996 )
( -1.864237, -0.989650, -0.043903 )
( -1.124163, -0.984089, -0.045677 )
( -0.582117, -0.978856, -0.046662 )
( 0.424301, -0.972561, -0.048995 )
( 0.944330, -0.976916, -0.049317 )
( 1.343929, -0.982046, -0.048765 )
( 1.863807, -0.989689, -0.046363 )
( 1.890039, -0.983256, -0.046668 )
( 1.913180, -0.969335, -0.046741 )
( 1.931221, -0.949076, -0.046737 )
( 1.945767, -0.900000, -0.046966 )
( 1.931211, -0.850910, -0.046817 )
( 1.767275, -0.466971, -0.008915 )
( 1.763805, -0.095167, 0.030446 )
( 1.765669, 0.448777, 0.084708 )
( 1.769438, 0.475809, 0.088970 )
( 1.802158, 0.549252, 0.102718 )
( 1.814802, 0.578551, 0.108305 )
( 1.941130, 0.871474, 0.163023 )
( 1.945768, 0.900000, 0.163041 )
( 1.941141, 0.928495, 0.163043 )
( 1.928921, 0.952445, 0.160459 )
( 1.909105, 0.972519, 0.156627 )
( 1.885265, 0.985067, 0.152606 )
( 1.854319, 0.990043, 0.149842 )
( 1.609631, 0.977829, 0.152369 )
( 1.180624, 0.940627, 0.143922 )
( 0.488197, 0.841045, 0.088289 )
( -0.023330, 0.764999, 0.082040 )
( -0.081643, 0.753153, 0.083328 )
( -0.141078, 0.742959, 0.085863 )
( -0.200506, 0.733079, 0.088500 )
( -0.370132, 0.706478, 0.096184 )
( -0.428235, 0.697353, 0.105312 )
( -0.839636, 0.580775, 0.103486 )
( -1.265708, 0.485347, 0.120518 )
( -1.582524, 0.417379, 0.128190 )
( -1.833878, 0.362634, 0.132607 )
( -1.860897, 0.360096, 0.133618 )
( -1.887473, 0.365732, 0.133776 )
( -1.912161, 0.379833, 0.133601 )
( -1.931223, 0.400927, 0.133441 )
( -1.945767, 0.450000, 0.133595 )
( -1.931219, 0.499079, 0.133749 )
( -1.913257, 0.519271, 0.133676 )
( -1.890201, 0.533188, 0.132879 )
( -1.864226, 0.539651, 0.132383 )
( -1.077183, 0.633637, 0.111163 )
( -0.485692, 0.722505, 0.100296 )
( -0.428435, 0.729325, 0.095941 )
( -0.222101, 0.749133, 0.077553 )
( -0.163093, 0.756395, 0.072444 )
( -0.111193, 0.762358, 0.069529 )
( -0.051235, 0.768317, 0.065943 )
( 0.008671, 0.773899, 0.062177 )
( 0.768545, 0.811796, 0.014176 )
( 1.451450, 0.816915, -0.020072 )
( 1.859383, 0.810021, -0.036901 )
( 1.888120, 0.815979, -0.037287 )
( 1.913415, 0.830860, -0.037479 )
( 1.931214, 0.850914, -0.037504 )
( 1.945767, 0.900000, -0.037340 )
( 1.931213, 0.949088, -0.037177 )
( 1.913312, 0.969225, -0.037233 )
( 1.885799, 0.984880, -0.037230 )
( 1.854567, 0.990047, -0.037382 )
( 1.177151, 0.987730, -0.037686 )
( 0.540714, 0.991236, -0.040879 )