-1.111429
0.000000
-2.011429
( 0.706561, 0.995424, -0.108700 )
( -0.346150, 0.997320, -0.110177 )
( -0.864135, 0.992746, -0.110929 )
( -1.295018, 0.989968, -0.111548 )
( -2.019895, 0.989655, -0.112138 )
( -2.045888, 0.983200, -0.112139 )
( -2.068992, 0.969254, -0.112140 )
( -2.086931, 0.949082, -0.111977 )
( -2.101481, 0.900000, -0.111133 )
( -2.086938, 0.850930, -0.108612 )
( -1.950714, 0.567536, 0.024684 )
( -1.936583, 0.521058, 0.042966 )
( -1.924152, 0.472188, 0.059443 )
( -1.912407, 0.365746, 0.090549 )
( -1.915756, 0.335669, 0.092741 )
( -1.921988, -0.460491, 0.086725 )
( -1.929331, -0.487010, 0.086405 )
( -1.982040, -0.593506, 0.085279 )
( -2.096852, -0.871497, 0.081754 )
( -2.101482, -0.900000, 0.081736 )
( -2.096851, -0.928507, 0.081736 )
( -2.084577, -0.952526, 0.080719 )
( -2.065142, -0.972281, 0.079151 )
( -2.041307, -0.984953, 0.078000 )
( -2.014861, -0.989988, 0.077597 )
( -1.985018, -0.986094, 0.077668 )
( -1.725984, -0.830645, 0.076477 )
( -1.422598, -0.634372, 0.079679 )
( -0.879945, -0.286119, 0.091355 )
( -0.606193, -0.125396, 0.094915 )
( -0.112801, 0.223234, 0.083043 )
( -0.068017, 0.252737, 0.077588 )
( -0.025785, 0.280643, 0.060935 )
( 0.024416, 0.293202, 0.060915 )
( 0.462799, 0.414599, 0.053463 )
( 0.512386, 0.429420, 0.066037 )
( 0.537208, 0.436821, 0.072329 )
( 0.612215, 0.447093, 0.084173 )
( 0.668667, 0.455078, 0.093208 )
( 0.725951, 0.461590, 0.097957 )
( 1.240320, 0.494925, 0.106477 )
( 1.678926, 0.522483, 0.093342 )
( 2.017303, 0.539862, 0.079086 )
( 2.044011, 0.533953, 0.078552 )
( 2.068219, 0.519889, 0.078890 )
( 2.086938, 0.499071, 0.079227 )
( 2.101481, 0.450000, 0.079100 )
( 2.086936, 0.400926, 0.078973 )
( 2.069176, 0.380899, 0.078845 )
( 2.046269, 0.366959, 0.078387 )
( 2.020025, 0.360358, 0.078680 )
( 1.915111, 0.361485, 0.066511 )
( 1.883572, 0.363476, 0.065892 )
( 1.146194, 0.378354, 0.050797 )
( 0.570180, 0.407064, 0.068768 )
( 0.514953, 0.414137, 0.072537 )
( 0.459254, 0.421637, 0.076240 )
( -0.324704, 0.607542, 0.086792 )
( -0.867812, 0.748116, 0.097112 )
( -1.586122, 0.913547, 0.106562 )
( -1.993375, 0.988226, 0.101505 )
( -2.020118, 0.989633, 0.101014 )
( -2.046108, 0.983108, 0.101414 )
( -2.069048, 0.969207, 0.101957 )
( -2.086939, 0.949070, 0.101701 )
( -2.101481, 0.900000, 0.099917 )
( -2.086936, 0.850928, 0.097571 )
( -1.972440, 0.564196, 0.043409 )
( -1.949371, 0.517759, 0.035651 )
( -1.923555, 0.469695, 0.028248 )
( -1.922398, 0.260986, 0.007460 )
( -1.921385, 0.001345, -0.018557 )
( -1.921609, -0.456488, -0.063608 )
( -1.927581, -0.482851, -0.066781 )
( -2.086945, -0.850941, -0.119738 )
( -2.101481, -0.900000, -0.121098 )
( -2.086935, -0.949076, -0.122298 )
( -2.069071, -0.969188, -0.122591 )
( -2.046146, -0.983093, -0.122656 )
( -2.019573, -0.989685, -0.122608 )
( -1.586362, -0.972458, -0.122195 )
( -0.647138, -0.943086, -0.120925 )
( 0.369772, -0.936607, -0.119164 )
( 1.323340, -0.962644, -0.117157 )
( 2.019806, -0.989663, -0.115304 )
( 2.045858, -0.983212, -0.115313 )
( 2.068796, -0.969417, -0.115312 )
( 2.086928, -0.949087, -0.115312 )
( 2.101481, -0.900000, -0.115343 )
( 2.086936, -0.850926, -0.114984 )
( 1.926931, -0.481143, -0.077596 )
( 1.921497, -0.454694, -0.075059 )
( 1.921373, -0.232507, -0.049267 )
( 1.921375, 0.000026, -0.022269 )
( 1.921585, 0.456146, 0.030707 )
( 1.927376, 0.482324, 0.033978 )
( 1.948387, 0.527954, 0.043040 )
( 2.086940, 0.850934, 0.114396 )
( 2.101481, 0.900000, 0.113705 )
( 2.086941, 0.949066, 0.111500 )
( 2.069166, 0.969109, 0.110303 )
( 2.046256, 0.983047, 0.108715 )
( 2.020211, 0.989624, 0.108328 )
( 1.993360, 0.988222, 0.108835 )
( 1.514756, 0.791371, 0.098419 )
( 0.683166, 0.453337, 0.080072 )
( 0.628763, 0.432542, 0.079705 )
( 0.563939, 0.406683, 0.082876 )
( 0.047156, 0.259406, 0.086832 )
( -0.007160, 0.248685, 0.079275 )
( -0.058894, 0.238481, 0.069904 )
( -0.112795, 0.235169, 0.062762 )
( -1.047705, 0.287562, 0.059599 )
( -1.881129, 0.348278, 0.077050 )
( -1.911565, 0.350787, 0.077586 )
( -1.941723, 0.353232, 0.080615 )
( -2.020011, 0.360356, 0.088373 )
( -2.046271, 0.366960, 0.088677 )
( -2.069161, 0.380887, 0.089220 )
( -2.086939, 0.400931, 0.089410 )
( -2.101481, 0.450000, 0.089220 )
( -2.086938, 0.499071, 0.089032 )
( -2.067707, 0.520302, 0.089182 )
( -2.042782, 0.534419, 0.089332 )
( -2.016356, 0.539919, 0.089101 )
( -1.351477, 0.429833, 0.098732 )
( -0.884377, 0.371567, 0.106743 )
( -0.463441, 0.319971, 0.112089 )
( -0.053719, 0.280817, 0.081299 )
( -0.012618, 0.273307, 0.074904 )
( 0.028265, 0.258703, 0.070190 )
( 0.067540, 0.235548, 0.065068 )
( 0.375336, 0.050618, 0.041544 )
( 1.252046, -0.450200, 0.063195 )
( 1.710965, -0.773909, 0.080271 )
( 1.960770, -0.974454, 0.096100 )
( 1.986230, -0.986456, 0.097608 )
( 2.012761, -0.990044, 0.096017 )
( 2.040930, -0.985084, 0.093382 )
( 2.065106, -0.972308, 0.090390 )
( 2.084364, -0.952821, 0.087056 )
( 2.096854, -0.928499, 0.084732 )
( 2.101482, -0.900000, 0.084732 )
( 2.096846, -0.871476, 0.084731 )
( 1.926067, -0.478689, 0.101168 )
( 1.921402, -0.452234, 0.100915 )
( 1.910878, 0.350249, 0.082573 )
( 1.913109, 0.379631, 0.076673 )
( 1.921753, 0.461364, 0.057188 )
( 1.925544, 0.511538, 0.046487 )
( 1.942779, 0.556004, 0.030261 )
( 2.086939, 0.850932, -0.103455 )
( 2.101481, 0.900000, -0.105576 )
( 2.086929, 0.949085, -0.105845 )
( 2.068720, 0.969479, -0.105855 )
( 2.045667, 0.983291, -0.105860 )
( 2.019587, 0.989683, -0.105884 )
( 1.572757, 0.993232, -0.106951 )
( 1.174070, 0.994798, -0.107786 )
( 0.726563, 0.996048, -0.108702 )