-0.738571
0.238571
-1.638571
( 0.518328, 1.242025, -0.193623 )
( -0.509970, 1.241513, -0.195703 )
( -1.054547, 1.236937, -0.196970 )
( -1.646407, 1.228284, -0.198422 )
( -1.672878, 1.221834, -0.198426 )
( -1.695954, 1.207975, -0.198425 )
( -1.714070, 1.187659, -0.198610 )
( -1.728624, 1.138571, -0.199357 )
( -1.714082, 1.089501, -0.200106 )
( -1.108590, 0.288720, -0.116110 )
( -1.086531, 0.255625, -0.108861 )
( -1.097330, 0.217599, -0.102774 )
( -1.471769, -0.647858, -0.014905 )
( -1.714085, -1.089506, 0.023445 )
( -1.728624, -1.138571, 0.024639 )
( -1.714087, -1.187632, 0.025833 )
( -1.690900, -1.211861, 0.026343 )
( -1.662480, -1.225393, 0.026822 )
( -1.635822, -1.228583, 0.026462 )
( -1.609270, -1.223725, 0.026158 )
( -1.585062, -1.211004, 0.026282 )
( -1.566126, -1.192062, 0.025894 )
( -1.392395, -0.998364, 0.010556 )
( -0.791096, -0.353656, -0.043942 )
( -0.421460, 0.019944, -0.079011 )
( -0.391128, 0.049399, -0.084540 )
( -0.342214, 0.070783, -0.088780 )
( 0.309944, 0.348701, -0.084695 )
( 0.359558, 0.367477, -0.076180 )
( 0.441428, 0.395306, -0.062270 )
( 0.498381, 0.413265, -0.053742 )
( 1.121770, 0.465600, -0.087536 )
( 1.153381, 0.471438, -0.092512 )
( 1.149728, 0.437996, -0.113555 )
( 1.122506, 0.434612, -0.112812 )
( 0.399522, 0.348833, -0.078897 )
( 0.351611, 0.352374, -0.069186 )
( 0.301101, 0.359741, -0.056471 )
( -0.489275, 0.723731, 0.006238 )
( -1.070506, 1.004444, 0.033827 )
( -1.607937, 1.223254, 0.050318 )
( -1.634207, 1.228519, 0.050665 )
( -1.667195, 1.223955, 0.050749 )
( -1.696269, 1.207714, 0.050832 )
( -1.714082, 1.187641, 0.051044 )
( -1.728625, 1.138571, 0.051950 )
( -1.724428, 1.111401, 0.049001 )
( -1.644028, 0.878331, 0.022390 )
( -1.552213, 0.594817, -0.009482 )
( -1.548621, 0.564984, -0.012766 )
( -1.548956, 0.008873, -0.073747 )
( -1.550791, -0.589390, -0.147037 )
( -1.640952, -0.852198, -0.174023 )
( -1.724031, -1.110175, -0.200830 )
( -1.728625, -1.138571, -0.203733 )
( -1.714072, -1.187656, -0.203114 )
( -1.695876, -1.208040, -0.203088 )
( -1.672788, -1.221871, -0.203090 )
( -1.646536, -1.228272, -0.203090 )
( -1.025540, -1.227983, -0.202525 )
( 0.013721, -1.219137, -0.202131 )
( 0.717997, -1.222585, -0.201438 )
( 1.646268, -1.228296, -0.200681 )
( 1.672895, -1.221827, -0.200683 )
( 1.695913, -1.208009, -0.200681 )
( 1.714070, -1.187660, -0.200673 )
( 1.728624, -1.138571, -0.200602 )
( 1.714079, -1.089498, -0.200383 )
( 1.550279, -0.587010, -0.143019 )
( 1.556535, -0.199616, -0.095769 )
( 1.548522, -0.000861, -0.072927 )
( 1.548750, 0.562829, -0.004615 )
( 1.551654, 0.592844, -0.001842 )
( 1.724598, 1.111941, 0.057141 )
( 1.728625, 1.138571, 0.059957 )
( 1.714085, 1.187636, 0.058754 )
( 1.696254, 1.207726, 0.058233 )
( 1.666839, 1.224073, 0.057939 )
( 1.633476, 1.228481, 0.057645 )
( 1.607147, 1.222964, 0.057404 )
( 1.583675, 1.209958, 0.055023 )
( 1.094254, 0.864857, -0.023814 )
( 0.493152, 0.414340, -0.070959 )
( 0.450939, 0.383000, -0.071411 )
( 0.410562, 0.360257, -0.065706 )
( 0.361208, 0.332654, -0.059058 )
( -0.290072, 0.053088, -0.065408 )
( -0.328895, 0.036354, -0.065788 )
( -0.376937, 0.030690, -0.083134 )
( -0.420437, 0.025794, -0.099218 )
( -1.072837, 0.235126, -0.121928 )
( -1.099406, 0.242164, -0.119267 )
( -1.101611, 0.257301, -0.100571 )
( -1.073782, 0.239788, -0.090833 )
( -0.386798, 0.059419, -0.071744 )
( -0.337560, 0.044580, -0.079594 )
( -0.298219, 0.024049, -0.085660 )
( 0.712698, -0.619859, -0.045854 )
( 1.307964, -1.029959, 0.010792 )
( 1.585294, -1.211175, 0.037104 )
( 1.609258, -1.223721, 0.037938 )
( 1.635700, -1.228579, 0.038276 )
( 1.680265, -1.218391, 0.036902 )
( 1.714085, -1.187636, 0.035528 )
( 1.728624, -1.138571, 0.032777 )
( 1.714079, -1.089499, 0.030026 )
( 1.403298, -0.283463, -0.050803 )
( 1.146075, 0.431596, -0.095851 )
( 1.137227, 0.461033, -0.103493 )
( 1.161244, 0.497632, -0.111581 )
( 1.714080, 1.089500, -0.189604 )
( 1.728624, 1.138571, -0.190111 )
( 1.714071, 1.187658, -0.190620 )
( 1.695734, 1.208157, -0.190665 )
( 1.672751, 1.221886, -0.190662 )
( 1.646252, 1.228297, -0.190656 )
( 1.049843, 1.236948, -0.192284 )
( 0.538345, 1.241113, -0.193578 )